#Gene	syn.obs	syn.haps	lgd.obs	lgd.haps	dmis.obs	dmis.haps	lgd/dmis.obs	lgd/dmis.haps
FAM20C	1	117	0	1	1	1309	0	0
AC187653.1	1	71	0	1	0	67	0	0
PDGFA	0	94	0	0	0	22	0	0
PRKAR1B	4	325	0	1	0	57	0	0
DNAAF5	0	212	0	3	0	201	0	0
SUN1	1	173	0	4	0	54	0	0
GET4	1	155	0	3	0	33	0	0
ADAP1	1	214	0	0	0	50	0	0
COX19	1	221	0	3	0	62	0	0
CYP2W1	1	127	0	3	1	143	0	0
C7orf50	0	79	0	4	0	54	0	0
GPR146	0	0	0	0	0	0	0	0
GPER1	0	57	0	1	0	40	0	0
ZFAND2A	0	16	0	3	0	39	0	0
UNCX	1	67	0	0	0	57	0	0
MICALL2	3	279	0	11	0	338	0	0
INTS1	9	582	0	6	0	326	0	0
MAFK	0	0	0	0	0	0	0	0
TMEM184A	2	182	0	8	0	59	0	0
PSMG3	0	5	0	0	0	8	0	0
ELFN1	0	0	0	0	0	0	0	0
MAD1L1	1	167	0	7	0	258	0	0
MRM2	0	19	0	2	0	16	0	0
NUDT1	0	0	0	0	0	0	0	0
SNX8	0	148	0	3	1	168	0	0
EIF3B	2	213	0	1	0	211	0	0
CHST12	1	111	0	0	0	34	0	0
GRIFIN	0	0	0	39	0	0	0	0
LFNG	1	94	0	0	0	58	0	0
BRAT1	0	218	0	19	2	293	0	0
IQCE	0	235	0	44	0	130	0	0
TTYH3	0	105	0	0	0	134	0	0
AMZ1	2	344	0	45	0	197	0	0
GNA12	0	250	0	0	0	36	0	0
CARD11	1	107	0	0	0	46	0	0
SDK1	10	836	0	8	5	489	0	0
FOXK1	0	134	0	0	0	89	0	0
AP5Z1	2	217	0	7	0	299	0	0
RADIL	1	228	0	10	2	240	0	0
PAPOLB	0	0	0	0	0	0	0	0
MMD2	0	55	0	2	0	30	0	0
RBAK-RBAKDN	1	202	0	4	0	50	0	0
RBAK	0	188	0	3	0	50	0	0
WIPI2	1	156	0	4	0	33	0	0
SLC29A4	1	210	0	10	0	133	0	0
TNRC18	2	593	0	1	5	553	0	0
FBXL18	0	178	0	4	0	60	0	0
ACTB	0	169	0	0	0	3	0	0
FSCN1	0	31	0	2	0	114	0	0
RNF216	0	16	0	4	0	69	0	0
OCM	0	18	1	92	0	58	0	0
CCZ1	0	72	0	6	2	86	0	0
RSPH10B	0	14	0	2	0	55	0	0
PMS2	1	142	0	10	0	86	0	0
AIMP2	0	24	0	0	0	32	0	0
EIF2AK1	0	80	0	4	0	29	0	0
ANKRD61	0	0	0	0	0	0	0	0
USP42	5	449	0	1	0	226	0	0
CYTH3	0	13	0	0	0	25	0	0
FAM220A	0	21	0	3	0	18	0	0
RAC1	1	73	0	0	0	0	0	0
DAGLB	0	316	0	6	1	251	0	0
KDELR2	0	18	0	1	0	23	0	0
GRID2IP	1	523	0	3	1	166	0	0
ZDHHC4	0	29	0	1	0	182	0	0
C7orf26	0	30	0	0	0	149	0	0
ZNF853	0	213	0	1	0	63	0	0
ZNF316	2	424	0	1	0	53	0	0
ZNF12	0	21	0	0	0	7	0	0
RSPH10B2	3	27	2	16	0	74	0	0
CCZ1B	2	20	2	21	0	34	0	0
C1GALT1	0	25	0	2	0	32	0	0
COL28A1	0	74	0	19	4	448	0	0
MIOS	0	144	0	4	1	53	0	0
RPA3	0	8	0	6	0	6	0	0
UMAD1	0	0	0	0	0	0	0	0
GLCCI1	0	40	0	0	0	30	0	0
ICA1	0	58	0	1	0	41	0	0
NXPH1	0	41	0	0	0	15	0	0
NDUFA4	0	5	0	1	0	6	0	0
PHF14	0	84	0	5	0	81	0	0
THSD7A	1	261	0	4	0	221	0	0
TMEM106B	0	7	0	1	0	8	0	0
VWDE	0	102	0	30	2	309	0	0
AC013470.2	0	0	0	0	0	0	0	0
SCIN	0	61	0	13	2	135	0	0
ARL4A	0	21	0	1	0	8	0	0
ETV1	0	27	0	2	0	26	0	0
DGKB	0	104	0	2	0	93	0	0
AGMO	0	17	0	99	0	69	0	0
MEOX2	0	30	0	0	0	147	0	0
ISPD	0	53	0	4	0	19	0	0
SOSTDC1	0	18	0	51	0	14	0	0
LRRC72	0	17	0	5	0	7	0	0
ANKMY2	0	21	0	3	0	61	0	0
BZW2	0	73	0	2	0	17	0	0
TSPAN13	0	13	0	0	0	5	0	0
AGR2	0	4	0	0	0	3	0	0
AGR3	0	10	0	24	0	22	0	0
AHR	0	30	0	1	0	59	0	0
AC019117.2	0	30	0	1	0	58	0	0
SNX13	0	6	0	0	0	2	0	0
PRPS1L1	0	28	0	5	0	64	0	0
HDAC9	0	85	0	1	0	64	0	0
TWIST1	0	45	0	0	0	10	0	0
FERD3L	0	22	0	1	0	7	0	0
TWISTNB	0	13	0	8	0	8	0	0
TMEM196	0	32	0	1	0	18	0	0
MACC1	0	50	0	4	0	93	0	0
ITGB8	1	167	0	0	1	93	0	0
ABCB5	0	70	0	34	0	390	0	0
SP8	0	122	0	3	0	50	0	0
SP4	0	40	0	0	0	110	0	0
DNAH11	9	748	0	32	12	834	0	0
CDCA7L	0	16	0	0	0	9	0	0
RAPGEF5	0	126	0	1	0	47	0	0
STEAP1B	0	66	0	13	0	84	0	0
IL6	0	27	0	0	0	5	0	0
TOMM7	0	1	0	1	0	18	0	0
FAM126A	0	12	0	2	0	57	0	0
KLHL7	0	170	0	4	0	14	0	0
NUPL2	0	68	0	2	0	87	0	0
GPNMB	3	282	0	84	0	57	0	0
MALSU1	0	0	0	0	0	0	0	0
IGF2BP3	0	1030	0	0	0	65	0	0
TRA2A	0	20	0	3	0	33	0	0
CCDC126	0	12	0	0	0	8	0	0
FAM221A	0	102	0	137	0	44	0	0
STK31	0	64	0	42	0	195	0	0
NPY	0	1	0	9	0	17	0	0
MPP6	0	17	0	0	0	39	0	0
GSDME	0	50	0	12	0	42	0	0
OSBPL3	2	212	0	10	0	141	0	0
CYCS	0	6	0	0	0	3	0	0
C7orf31	0	64	0	5	0	89	0	0
NPVF	0	10	0	45	0	13	0	0
NFE2L3	0	96	0	11	0	278	0	0
HNRNPA2B1	0	81	0	11	0	157	0	0
CBX3	0	25	0	44	0	8	0	0
SNX10	0	10	0	5	0	7	0	0
SKAP2	0	12	0	1	0	23	0	0
HOXA1	0	10	0	1	0	9	0	0
HOXA2	0	21	0	1	0	45	0	0
HOXA3	1	135	0	2	0	63	0	0
HOXA4	0	0	0	0	0	0	0	0
HOXA5	1	104	0	0	0	16	0	0
HOXA6	0	0	0	0	0	0	0	0
HOXA7	0	160	0	0	0	51	0	0
HOXA9	0	96	0	6	0	223	0	0
AC004080.3	0	96	0	6	0	223	0	0
HOXA10	0	67	0	5	0	83	0	0
HOXA11	0	45	0	1	0	30	0	0
HOXA13	0	97	0	0	0	54	0	0
EVX1	0	17	0	1	0	56	0	0
HIBADH	0	22	0	0	0	24	0	0
TAX1BP1	0	55	0	2	0	146	0	0
JAZF1	0	12	0	0	0	3	0	0
CREB5	0	34	0	0	0	70	0	0
TRIL	0	0	0	1	0	0	0	0
CPVL	0	150	0	21	0	106	0	0
AC004593.3	0	31	0	0	0	35	0	0
CHN2	0	31	0	0	0	35	0	0
PRR15	0	3	0	2	0	8	0	0
WIPF3	0	288	0	42	0	63	0	0
SCRN1	0	51	0	0	1	50	0	0
FKBP14	0	27	0	13	0	10	0	0
PLEKHA8	0	17	0	2	0	53	0	0
MTURN	0	4	0	1	0	21	0	0
ZNRF2	0	26	0	0	0	20	0	0
AC006978.2	0	5	0	0	0	0	0	0
NOD1	0	137	0	11	0	158	0	0
GGCT	0	3	0	2	0	3	0	0
AC005154.5	0	3	0	2	0	3	0	0
GARS	0	62	0	2	0	147	0	0
CRHR2	0	39	0	57	0	43	0	0
INMT	0	73	0	4	0	181	0	0
INMT-MINDY4	1	357	0	21	2	351	0	0
MINDY4	1	289	0	18	0	172	0	0
AC004691.2	1	160	0	4	0	153	0	0
AQP1	0	38	0	2	0	102	0	0
GHRHR	0	61	0	7	0	36	0	0
ADCYAP1R1	0	52	0	0	0	51	0	0
NEUROD6	0	16	0	1	0	19	0	0
ITPRID1	0	112	0	30	0	59	0	0
PPP1R17	0	10	0	5	0	10	0	0
PDE1C	0	205	0	7	0	146	0	0
LSM5	0	25	0	1	0	0	0	0
AVL9	0	33	0	0	0	71	0	0
KBTBD2	0	56	0	0	0	32	0	0
FKBP9	0	90	0	2	2	224	0	0
NT5C3A	1	81	0	0	0	45	0	0
RP9	0	6	0	3	0	9	0	0
BBS9	0	82	0	11	0	94	0	0
BMPER	2	371	0	4	0	259	0	0
NPSR1	0	14	0	8	0	33	0	0
DPY19L1	0	105	0	3	0	41	0	0
TBX20	0	39	0	0	0	32	0	0
HERPUD2	0	16	0	0	0	153	0	0
SEPT7	0	9	0	0	0	19	0	0
EEPD1	1	81	0	1	0	133	0	0
KIAA0895	0	148	0	1	0	43	0	0
ANLN	0	169	0	15	0	102	0	0
AOAH	0	28	0	34	0	6	0	0
ELMO1	0	48	0	0	1	161	0	0
GPR141	0	24	0	2	0	24	0	0
EPDR1	0	98	0	14	0	146	0	0
NME8	0	21	0	11	0	30	0	0
SFRP4	0	53	0	1	0	93	0	0
STARD3NL	0	11	0	1	0	7	0	0
AMPH	1	80	0	2	1	108	0	0
VPS41	1	63	0	9	1	237	0	0
POU6F2	3	140	0	2	0	95	0	0
YAE1	0	20	0	5	0	75	0	0
RALA	0	4	0	0	0	23	0	0
CDK13	2	359	0	0	3	289	0	0
MPLKIP	0	11	0	2	0	16	0	0
SUGCT	0	29	0	6	0	48	0	0
INHBA	0	76	0	1	0	95	0	0
GLI3	1	197	0	1	3	536	0	0
C7orf25	0	13	0	0	0	98	0	0
AC010132.3	0	77	0	1	0	102	0	0
PSMA2	0	64	0	1	0	4	0	0
MRPL32	0	6	0	41	0	2	0	0
HECW1	1	224	0	3	0	273	0	0
STK17A	0	79	0	5	0	44	0	0
COA1	0	65	0	2	0	13	0	0
BLVRA	1	76	0	2	0	32	0	0
MRPS24	0	27	0	2	0	55	0	0
URGCP-MRPS24	0	124	0	2	0	170	0	0
URGCP	0	97	0	0	0	115	0	0
UBE2D4	0	7	0	1	0	6	0	0
SPDYE1	0	60	0	11	0	9	0	0
DBNL	1	207	0	2	0	141	0	0
PGAM2	0	125	0	2	0	140	0	0
POLM	0	34	0	10	0	42	0	0
AEBP1	0	79	0	4	1	161	0	0
POLD2	0	0	0	0	0	9	0	0
MYL7	0	14	0	1	0	130	0	0
GCK	0	11	0	0	0	6	0	0
YKT6	0	4	0	2	0	42	0	0
CAMK2B	0	231	0	0	0	20	0	0
NUDCD3	0	31	0	2	0	18	0	0
NPC1L1	0	191	0	13	0	202	0	0
DDX56	0	107	0	4	0	257	0	0
TMED4	0	4	0	7	0	17	0	0
OGDH	2	246	0	0	0	120	0	0
ZMIZ2	2	267	0	1	0	115	0	0
PPIA	0	4	0	0	0	4	0	0
H2AFV	0	2	0	0	0	4	0	0
PURB	0	29	0	1	0	15	0	0
MYO1G	0	65	0	7	1	203	0	0
CCM2	0	105	0	0	0	53	0	0
NACAD	0	0	0	1	0	1	0	0
TBRG4	2	253	0	3	1	105	0	0
RAMP3	0	45	0	0	0	22	0	0
ADCY1	0	115	0	1	0	68	0	0
AC096582.3	0	0	0	0	0	0	0	0
IGFBP1	0	19	0	5	0	58	0	0
IGFBP3	0	108	0	0	0	23	0	0
TNS3	0	295	0	2	2	385	0	0
PKD1L1	1	321	0	37	0	785	0	0
HUS1	0	16	0	6	0	170	0	0
SUN3	0	77	0	7	0	30	0	0
C7orf57	0	14	0	7	0	48	0	0
UPP1	0	52	0	4	0	71	0	0
ABCA13	1	308	0	45	4	627	0	0
CDC14C	0	0	0	0	0	0	0	0
VWC2	0	61	0	0	0	72	0	0
ZPBP	0	36	0	12	0	60	0	0
SPATA48	0	8	0	8	0	44	0	0
IKZF1	0	23	0	0	0	20	0	0
FIGNL1	0	84	0	31	0	209	0	0
DDC	0	74	0	5	0	68	0	0
GRB10	0	108	0	2	0	28	0	0
COBL	2	264	0	6	0	115	0	0
POM121L12	0	79	0	16	0	26	0	0
VSTM2A	0	12	0	0	0	11	0	0
SEC61G	0	1	0	0	0	2	0	0
EGFR	0	158	0	0	1	85	0	0
LANCL2	1	176	0	0	0	31	0	0
VOPP1	0	8	0	1	0	33	0	0
SEPT14	0	66	0	5	0	171	0	0
AC092647.5	2	156	0	35	0	9	0	0
ZNF713	0	0	0	34	0	0	0	0
NIPSNAP2	3	177	0	6	0	49	0	0
MRPS17	2	156	0	1	0	9	0	0
PSPH	0	57	0	0	0	51	0	0
CCT6A	0	105	0	3	0	81	0	0
SUMF2	0	10	0	0	0	55	0	0
PHKG1	0	60	0	5	0	54	0	0
CHCHD2	0	2	0	1	0	33	0	0
NUPR2	0	26	0	1	0	141	0	0
ZNF479	0	28	0	9	0	28	0	0
ZNF716	0	102	0	97	0	140	0	0
AC115220.1	0	0	0	0	0	0	0	0
ZNF727	1	33	0	18	2	301	0	0
ZNF735	0	61	0	61	0	32	0	0
ZNF679	0	28	0	6	0	71	0	0
ZNF736	0	138	0	7	0	29	0	0
ZNF680	0	32	0	7	0	30	0	0
ZNF107	0	49	0	11	1	139	0	0
ZNF138	0	138	0	39	0	19	0	0
ZNF273	0	4	0	2	0	0	0	0
ZNF117	0	22	0	8	0	28	0	0
ERV3-1	0	0	0	0	0	0	0	0
ZNF92	0	22	0	5	0	18	0	0
VKORC1L1	0	7	0	0	0	8	0	0
GUSB	0	100	0	5	0	70	0	0
ASL	0	81	0	7	0	74	0	0
AC068533.4	0	28	0	1	0	28	0	0
CRCP	0	12	0	1	0	10	0	0
TPST1	0	22	0	4	0	38	0	0
KCTD7	0	43	0	1	0	33	0	0
AC027644.4	0	74	0	6	0	71	0	0
RABGEF1	0	31	0	5	0	39	0	0
TMEM248	0	22	0	0	0	13	0	0
SBDS	0	64	0	79	0	51	0	0
TYW1	0	89	0	8	1	193	0	0
AUTS2	1	275	0	0	0	219	0	0
GALNT17	1	106	0	0	0	74	0	0
CALN1	0	21	0	2	0	10	0	0
TYW1B	0	82	0	5	0	108	0	0
POM121	0	384	0	2	0	97	0	0
TRIM74	0	8	0	4	0	126	0	0
NSUN5	0	31	0	9	0	71	0	0
TRIM50	0	38	0	2	0	18	0	0
FKBP6	0	24	0	2	0	176	0	0
FZD9	0	245	0	1	0	26	0	0
BAZ1B	0	169	0	15	1	160	0	0
BCL7B	0	85	0	0	0	13	0	0
TBL2	2	238	0	2	0	46	0	0
MLXIPL	1	275	0	2	1	226	0	0
VPS37D	0	65	0	0	0	47	0	0
DNAJC30	0	0	0	0	0	0	0	0
BUD23	0	19	0	0	0	40	0	0
STX1A	0	18	0	0	0	14	0	0
ABHD11	1	234	0	5	0	29	0	0
CLDN3	0	88	0	0	1	156	0	0
CLDN4	0	0	0	0	0	0	0	0
METTL27	0	28	0	12	0	21	0	0
TMEM270	0	100	0	6	0	13	0	0
ELN	0	124	0	7	1	162	0	0
LIMK1	0	147	0	5	1	48	0	0
EIF4H	0	13	0	0	0	7	0	0
LAT2	0	32	0	1	0	6	0	0
RFC2	0	40	0	3	0	29	0	0
CLIP2	0	161	0	0	0	242	0	0
GTF2IRD1	0	147	0	0	1	134	0	0
GTF2I	0	22	0	0	0	2	0	0
NCF1	0	117	0	3	0	39	0	0
GTF2IRD2	0	25	0	12	0	16	0	0
CASTOR2	0	60	0	0	0	28	0	0
RCC1L	0	41	0	2	0	13	0	0
GTF2IRD2B	0	7	0	1	0	5	0	0
TRIM73	0	9	0	1	0	27	0	0
POM121C	0	13	0	1	0	29	0	0
SPDYE5	0	259	0	4	0	13	0	0
HIP1	0	86	0	3	0	99	0	0
CCL26	0	8	0	1	0	8	0	0
CCL24	0	14	0	1	0	3	0	0
RHBDD2	0	137	0	1	1	104	0	0
POR	1	146	0	9	1	204	0	0
TMEM120A	0	0	0	0	0	0	0	0
STYXL1	0	8	0	3	0	83	0	0
MDH2	0	48	0	3	0	51	0	0
SRRM3	0	15	0	1	0	112	0	0
HSPB1	0	106	0	3	0	16	0	0
YWHAG	0	37	0	0	0	8	0	0
SSC4D	2	158	0	7	0	82	0	0
ZP3	1	95	0	13	0	52	0	0
DTX2	2	355	0	6	0	100	0	0
UPK3B	1	140	0	12	0	37	0	0
SPDYE16	0	0	0	0	0	0	0	0
POMZP3	0	55	0	2	0	9	0	0
CCDC146	3	270	0	14	0	216	0	0
FGL2	1	140	0	1	0	25	0	0
GSAP	0	75	0	8	0	79	0	0
PTPN12	0	138	0	3	0	82	0	0
RSBN1L	0	61	0	1	0	48	0	0
TMEM60	0	8	0	3	0	32	0	0
PHTF2	0	42	0	3	0	141	0	0
MAGI2	0	224	0	4	0	201	0	0
GNAI1	0	250	0	0	0	110	0	0
CD36	0	64	0	58	0	217	0	0
GNAT3	0	25	0	22	0	143	0	0
SEMA3C	0	62	0	5	2	239	0	0
HGF	1	221	0	2	0	83	0	0
CACNA2D1	0	77	0	1	2	222	0	0
PCLO	4	600	0	7	5	539	0	0
SEMA3E	0	64	0	0	0	46	0	0
SEMA3A	0	106	0	0	2	98	0	0
SEMA3D	1	106	0	4	1	255	0	0
GRM3	1	96	0	3	0	31	0	0
KIAA1324L	0	12	0	1	0	16	0	0
DMTF1	0	11	0	2	0	54	0	0
TMEM243	0	5	0	2	0	81	0	0
CROT	0	30	0	55	0	93	0	0
ABCB4	1	177	0	12	0	173	0	0
ABCB1	0	221	0	1	0	178	0	0
RUNDC3B	0	0	0	0	0	0	0	0
SLC25A40	0	17	0	2	0	161	0	0
DBF4	0	42	0	0	0	59	0	0
ADAM22	0	79	0	3	1	68	0	0
SRI	0	95	0	2	0	15	0	0
STEAP4	0	39	0	2	0	18	0	0
ZNF804B	0	102	0	4	3	512	0	0
TEX47	0	17	0	0	0	148	0	0
STEAP1	0	131	0	1	0	80	0	0
STEAP2	0	15	0	14	0	121	0	0
CFAP69	1	135	0	8	0	76	0	0
FAM237B	0	0	0	0	0	0	0	0
GTPBP10	0	30	0	2	0	44	0	0
CLDN12	0	25	0	2	0	22	0	0
CDK14	0	65	0	3	0	45	0	0
FZD1	0	103	0	0	0	91	0	0
MTERF1	0	20	0	26	1	44	0	0
AKAP9	0	407	0	112	4	428	0	0
CYP51A1	0	20	0	6	1	137	0	0
AC000120.2	0	47	0	17	1	172	0	0
AC000120.3	0	162	0	11	0	82	0	0
LRRD1	0	27	0	11	0	35	0	0
KRIT1	0	125	0	0	0	46	0	0
ANKIB1	0	148	0	0	0	77	0	0
GATAD1	0	57	0	1	0	17	0	0
ERVW-1	0	0	0	0	0	0	0	0
PEX1	0	165	0	30	0	130	0	0
RBM48	0	11	0	1	0	4	0	0
FAM133B	0	1	0	0	0	2	0	0
CDK6	0	48	0	0	0	82	0	0
SAMD9	1	205	0	24	0	93	0	0
SAMD9L	4	384	0	48	0	52	0	0
HEPACAM2	0	21	0	7	1	156	0	0
VPS50	0	145	0	3	0	138	0	0
CALCR	0	80	0	15	2	88	0	0
GNGT1	0	11	0	9	0	29	0	0
TFPI2	0	8	0	7	0	18	0	0
GNG11	0	3	0	8	0	1	0	0
BET1	0	4	0	6	0	5	0	0
COL1A2	0	225	0	1	0	169	0	0
CASD1	0	79	0	6	0	152	0	0
SGCE	0	96	0	10	0	193	0	0
PEG10	0	0	0	0	0	0	0	0
PPP1R9A	0	86	0	0	0	124	0	0
PON1	0	37	0	11	0	54	0	0
PON3	0	127	0	61	0	96	0	0
PON2	0	29	0	30	0	26	0	0
ASB4	0	6	0	8	0	31	0	0
PDK4	0	9	0	2	0	93	0	0
DYNC1I1	0	46	0	2	0	54	0	0
SLC25A13	2	115	0	1	0	59	0	0
SEM1	0	13	0	0	0	3	0	0
DLX6	0	0	0	0	0	0	0	0
DLX5	1	43	0	2	0	38	0	0
SDHAF3	0	0	0	1	0	5	0	0
TAC1	0	12	0	2	0	5	0	0
ASNS	0	41	0	2	0	76	0	0
OCM2	0	3	0	0	0	7	0	0
LMTK2	3	278	0	4	0	130	0	0
BHLHA15	0	0	0	0	0	0	0	0
TECPR1	1	262	0	8	1	180	0	0
BRI3	0	31	0	0	0	22	0	0
BAIAP2L1	0	34	0	1	0	34	0	0
NPTX2	0	175	0	0	1	156	0	0
TMEM130	0	53	0	0	0	62	0	0
TRRAP	5	589	0	5	0	212	0	0
SMURF1	0	120	0	5	0	15	0	0
KPNA7	0	43	0	14	0	172	0	0
AC004922.1	1	75	0	0	0	146	0	0
ARPC1A	0	26	0	0	0	23	0	0
ARPC1B	1	49	0	0	0	123	0	0
PDAP1	0	15	0	0	0	69	0	0
BUD31	0	11	0	1	0	8	0	0
PTCD1	0	110	0	2	1	124	0	0
ATP5MF-PTCD1	0	100	0	2	0	116	0	0
CPSF4	0	11	0	0	0	8	0	0
ATP5MF	0	12	0	0	0	66	0	0
ZNF789	0	226	0	11	0	27	0	0
ZNF394	0	161	0	9	0	23	0	0
ZKSCAN5	0	44	0	6	0	159	0	0
FAM200A	0	19	0	16	0	27	0	0
ZNF655	0	61	0	3	1	195	0	0
AC005020.2	0	61	0	3	1	195	0	0
TMEM225B	0	0	0	0	0	0	0	0
ZSCAN25	0	38	0	3	0	34	0	0
CYP3A5	0	29	0	192	0	72	0	0
CYP3A7	0	43	0	3	0	23	0	0
CYP3A7-CYP3A51P	0	43	0	3	0	23	0	0
CYP3A4	0	34	0	16	1	219	0	0
CYP3A43	0	9	0	15	0	62	0	0
OR2AE1	1	129	0	0	0	73	0	0
TRIM4	0	24	0	5	0	15	0	0
GJC3	0	14	0	5	0	30	0	0
AZGP1	0	106	0	2	0	6	0	0
ZKSCAN1	0	69	0	1	0	145	0	0
ZSCAN21	0	33	0	6	0	129	0	0
ZNF3	0	11	0	3	0	26	0	0
COPS6	0	0	0	0	0	0	0	0
MCM7	0	90	0	10	1	215	0	0
AP4M1	0	64	0	0	0	74	0	0
TAF6	0	82	0	3	0	122	0	0
CNPY4	0	41	0	8	0	79	0	0
MBLAC1	0	0	0	0	0	0	0	0
LAMTOR4	0	7	0	1	0	18	0	0
C7orf43	0	44	0	1	0	145	0	0
GAL3ST4	0	0	0	0	0	0	0	0
GPC2	0	132	0	2	0	79	0	0
STAG3	1	278	0	52	0	166	0	0
CASTOR3	0	248	0	50	0	115	0	0
PVRIG	0	94	0	43	0	8	0	0
SPDYE3	0	24	0	5	0	96	0	0
PILRB	0	0	0	0	0	0	0	0
PILRA	0	9	0	14	0	8	0	0
ZCWPW1	0	18	0	6	0	147	0	0
MEPCE	0	7	0	0	0	5	0	0
PPP1R35	0	91	0	2	0	59	0	0
C7orf61	0	5	0	2	0	5	0	0
TSC22D4	0	20	0	0	1	185	0	0
NYAP1	1	171	0	1	1	226	0	0
AGFG2	0	42	0	2	0	52	0	0
SAP25	0	0	0	0	0	0	0	0
LRCH4	0	21	0	1	0	52	0	0
FBXO24	1	84	0	4	0	37	0	0
PCOLCE	2	161	0	3	0	32	0	0
MOSPD3	0	46	0	1	0	39	0	0
TFR2	1	203	0	3	0	190	0	0
ACTL6B	0	33	0	3	0	32	0	0
GNB2	0	0	0	0	0	0	0	0
GIGYF1	0	170	0	4	1	136	0	0
POP7	0	10	0	0	0	78	0	0
EPO	0	28	0	0	0	81	0	0
ZAN	2	351	2	257	5	478	0	0
EPHB4	0	132	0	1	0	132	0	0
SLC12A9	0	55	0	9	0	106	0	0
TRIP6	0	146	0	5	0	45	0	0
SRRT	0	109	0	0	0	3	0	0
UFSP1	0	0	0	0	0	0	0	0
ACHE	0	65	0	0	0	82	0	0
MUC3A	0	331	0	14	0	14	0	0
MUC12	8	1534	0	51	0	104	0	0
MUC17	5	841	0	86	0	73	0	0
TRIM56	0	504	0	5	1	160	0	0
SERPINE1	1	70	0	0	0	27	0	0
AP1S1	0	159	0	1	0	4	0	0
VGF	0	98	0	1	0	101	0	0
NAT16	0	96	0	2	0	22	0	0
MOGAT3	0	100	0	5	0	125	0	0
PLOD3	1	317	0	8	1	229	0	0
ZNHIT1	0	12	0	0	0	10	0	0
CLDN15	0	15	0	0	0	9	0	0
FIS1	0	147	0	1	0	52	0	0
IFT22	0	10	0	2	0	23	0	0
COL26A1	0	36	0	41	0	124	0	0
MYL10	0	26	0	0	0	30	0	0
CUX1	0	246	0	11	1	238	0	0
SH2B2	0	41	0	5	0	80	0	0
SPDYE6	1	62	0	19	0	34	0	0
PRKRIP1	0	16	0	3	0	32	0	0
ORAI2	0	116	0	0	0	12	0	0
ALKBH4	0	45	0	0	0	72	0	0
LRWD1	0	0	0	0	0	0	0	0
POLR2J	0	45	0	2	0	3	0	0
RASA4B	0	37	0	5	0	65	0	0
AC093668.2	0	37	0	5	0	65	0	0
POLR2J3	0	11	0	0	0	27	0	0
AC093668.3	0	0	0	0	0	0	0	0
AC093668.1	0	11	0	0	0	27	0	0
SPDYE2	0	0	0	0	0	0	0	0
RASA4	0	51	0	14	0	39	0	0
AC105052.1	0	99	0	15	0	43	0	0
UPK3BL1	0	49	0	1	0	4	0	0
AC105052.3	0	50	0	1	0	5	0	0
SPDYE2B	0	1	0	0	0	0	0	0
POLR2J2	0	0	0	0	0	1	0	0
FAM185A	0	20	0	8	0	71	0	0
FBXL13	0	213	0	5	0	51	0	0
LRRC17	0	104	0	1	0	23	0	0
NFE4	0	0	0	0	0	0	0	0
ARMC10	0	3	0	1	0	1	0	0
NAPEPLD	0	17	0	0	0	46	0	0
PMPCB	0	21	0	8	0	48	0	0
DNAJC2	0	10	0	1	0	18	0	0
PSMC2	0	29	0	0	0	7	0	0
SLC26A5	0	138	0	4	0	131	0	0
RELN	2	321	0	738	10	833	0	0
ORC5	0	109	0	6	0	81	0	0
LHFPL3	1	33	0	2	0	22	0	0
KMT2E	0	103	0	0	0	213	0	0
SRPK2	0	211	0	2	0	170	0	0
PUS7	0	38	0	7	0	31	0	0
RINT1	0	85	0	2	0	61	0	0
EFCAB10	0	10	0	0	0	7	0	0
ATXN7L1	2	106	0	0	3	312	0	0
CDHR3	1	182	0	13	0	291	0	0
SYPL1	0	16	0	3	0	45	0	0
NAMPT	0	782	0	1	0	8	0	0
CCDC71L	0	85	0	0	0	23	0	0
PIK3CG	0	82	0	3	0	111	0	0
PRKAR2B	1	162	0	1	1	25	0	0
HBP1	0	81	0	1	0	32	0	0
COG5	0	93	0	5	0	81	0	0
GPR22	0	0	0	0	0	0	0	0
DUS4L	0	3	0	1	0	1	0	0
BCAP29	0	6	0	2	0	18	0	0
SLC26A4	0	36	0	17	1	205	0	0
CBLL1	0	20	0	0	0	33	0	0
SLC26A3	0	236	0	2	0	55	0	0
DLD	0	131	0	2	0	91	0	0
LAMB1	0	207	0	12	1	240	0	0
LAMB4	1	381	0	23	2	325	0	0
NRCAM	0	46	0	1	0	221	0	0
PNPLA8	1	303	0	7	1	202	0	0
THAP5	0	4	0	1	0	12	0	0
DNAJB9	0	4	0	2	0	113	0	0
IMMP2L	1	208	0	2	0	69	0	0
LRRN3	0	169	0	1	0	58	0	0
DOCK4	0	176	0	11	2	273	0	0
ZNF277	0	55	0	2	0	24	0	0
IFRD1	0	16	0	2	0	49	0	0
LSMEM1	0	4	0	3	0	7	0	0
TMEM168	0	56	0	5	0	110	0	0
BMT2	0	33	0	1	0	22	0	0
GPR85	0	43	0	0	0	19	0	0
SMIM30	0	0	0	0	0	0	0	0
PPP1R3A	0	50	0	99	0	96	0	0
FOXP2	0	81	0	2	0	40	0	0
MDFIC	0	133	0	4	0	56	0	0
TFEC	0	27	0	5	0	30	0	0
TES	0	1125	0	6	0	69	0	0
CAV2	0	11	0	1	0	16	0	0
CAV1	0	14	0	2	0	11	0	0
MET	0	73	0	3	0	177	0	0
CAPZA2	0	58	0	0	0	11	0	0
ST7	0	24	0	4	0	21	0	0
WNT2	0	51	0	8	0	150	0	0
ASZ1	0	14	0	6	0	59	0	0
CFTR	2	434	0	26	11	758	0	0
CTTNBP2	0	101	0	4	1	217	0	0
LSM8	0	2	0	1	0	7	0	0
ANKRD7	0	10	0	3	0	7	0	0
KCND2	0	55	0	2	0	78	0	0
TSPAN12	0	7	0	1	0	31	0	0
ING3	0	10	0	1	0	12	0	0
CPED1	0	111	0	19	0	120	0	0
WNT16	2	135	0	0	1	63	0	0
FAM3C	0	8	0	0	0	10	0	0
PTPRZ1	2	178	0	46	1	280	0	0
AASS	1	104	0	3	0	69	0	0
FEZF1	0	0	0	0	0	0	0	0
CADPS2	0	31	0	1	2	244	0	0
RNF133	0	0	0	0	0	0	0	0
RNF148	0	0	0	0	0	0	0	0
TAS2R16	0	38	0	3	0	5	0	0
SLC13A1	0	38	0	73	0	51	0	0
IQUB	1	111	0	15	1	95	0	0
NDUFA5	0	7	0	3	0	8	0	0
ASB15	0	110	0	39	0	54	0	0
LMOD2	0	4	0	0	0	23	0	0
WASL	0	95	0	1	0	47	0	0
HYAL4	1	150	0	35	0	119	0	0
SPAM1	0	9	0	3	0	18	0	0
TMEM229A	0	36	0	1	0	50	0	0
SSU72P8	0	0	0	0	0	0	0	0
GPR37	0	141	0	2	1	38	0	0
C7orf77	0	1	0	1	0	0	0	0
POT1	0	17	0	4	0	26	0	0
GRM8	0	97	0	3	0	84	0	0
ZNF800	0	80	0	1	0	133	0	0
GCC1	0	89	0	3	0	82	0	0
ARF5	0	11	0	1	0	5	0	0
FSCN3	0	8	0	18	0	131	0	0
PAX4	0	83	0	5	0	84	0	0
SND1	0	119	0	5	0	166	0	0
LRRC4	0	45	0	0	0	69	0	0
LEP	0	36	0	0	0	3	0	0
RBM28	0	203	0	8	0	239	0	0
PRRT4	0	169	0	2	0	64	0	0
IMPDH1	0	58	0	6	1	171	0	0
HILPDA	0	2	0	4	0	0	0	0
METTL2B	0	74	0	11	0	28	0	0
FAM71F2	0	36	0	9	0	140	0	0
FAM71F1	0	92	0	4	0	19	0	0
CALU	0	10	0	0	0	8	0	0
OPN1SW	0	0	0	0	0	0	0	0
CCDC136	1	150	0	9	0	189	0	0
FLNC	5	544	0	4	4	766	0	0
KCP	1	197	0	34	0	393	0	0
ATP6V1F	0	44	0	0	0	27	0	0
ATP6V1FNB	0	0	0	0	0	0	0	0
IRF5	1	133	0	2	0	21	0	0
TNPO3	0	51	0	3	0	62	0	0
AC011005.1	0	0	0	0	0	0	0	0
TSPAN33	0	0	0	0	0	0	0	0
SMO	3	384	0	2	0	140	0	0
AHCYL2	0	142	0	2	0	34	0	0
STRIP2	0	37	0	11	0	157	0	0
SMKR1	0	3	0	0	0	20	0	0
NRF1	0	111	0	0	0	13	0	0
UBE2H	0	12	0	0	0	6	0	0
ZC3HC1	0	33	0	6	1	77	0	0
KLHDC10	0	58	0	0	0	24	0	0
TMEM209	0	87	0	72	1	94	0	0
SSMEM1	0	7	0	5	0	9	0	0
CPA2	1	127	0	5	0	56	0	0
CPA4	0	68	0	65	0	36	0	0
CPA5	0	20	0	2	1	169	0	0
CPA1	1	73	0	8	0	84	0	0
CEP41	0	6	0	3	0	77	0	0
MEST	0	75	0	1	0	9	0	0
COPG2	0	15	0	4	1	20	0	0
TSGA13	0	2	0	8	0	19	0	0
KLF14	0	41	0	0	0	19	0	0
MKLN1	0	28	0	0	0	35	0	0
PODXL	1	97	0	0	0	91	0	0
PLXNA4	1	411	0	2	4	476	0	0
CHCHD3	0	16	0	2	0	14	0	0
EXOC4	0	85	0	4	0	208	0	0
LRGUK	0	323	0	3	2	395	0	0
SLC35B4	0	102	0	5	0	30	0	0
AKR1B1	0	175	0	2	0	32	0	0
AKR1B10	0	20	0	4	0	51	0	0
AKR1B15	0	62	0	6	0	12	0	0
BPGM	0	39	0	1	0	32	0	0
CALD1	0	46	0	0	1	267	0	0
AGBL3	0	52	0	12	1	258	0	0
CYREN	0	26	0	4	0	10	0	0
TMEM140	0	26	0	4	0	10	0	0
WDR91	0	101	0	1	0	185	0	0
STRA8	0	19	0	0	0	4	0	0
CNOT4	0	93	0	1	0	66	0	0
NUP205	4	398	0	2	3	345	0	0
STMP1	0	18	0	0	0	13	0	0
SLC13A4	0	46	0	3	0	28	0	0
FAM180A	0	23	0	0	0	28	0	0
MTPN	0	3	0	0	0	4	0	0
LUZP6	0	0	0	0	0	0	0	0
CHRM2	0	25	0	0	1	120	0	0
PTN	0	3	0	0	0	147	0	0
DGKI	3	189	0	3	0	67	0	0
CREB3L2	1	64	0	1	0	32	0	0
AKR1D1	0	10	0	4	0	13	0	0
TRIM24	0	127	0	1	0	105	0	0
SVOPL	0	39	0	74	2	501	0	0
ATP6V0A4	0	239	0	13	0	520	0	0
TMEM213	0	4	0	1	0	12	0	0
KIAA1549	2	288	0	1	0	172	0	0
ZC3HAV1L	0	21	0	4	0	13	0	0
ZC3HAV1	0	195	0	0	0	22	0	0
TTC26	0	176	0	3	0	73	0	0
UBN2	1	300	0	3	1	260	0	0
FMC1	0	6	0	0	0	6	0	0
LUC7L2	0	135	0	1	0	78	0	0
C7orf55-LUC7L2	0	135	0	1	0	78	0	0
KLRG2	0	45	0	5	0	81	0	0
CLEC2L	0	30	0	2	0	25	0	0
HIPK2	0	120	0	4	0	83	0	0
TBXAS1	0	175	0	2	0	106	0	0
PARP12	1	71	0	2	0	44	0	0
KDM7A	0	67	0	1	0	741	0	0
SLC37A3	0	46	0	4	0	45	0	0
RAB19	0	310	0	1	0	14	0	0
MKRN1	0	55	0	0	0	85	0	0
DENND2A	1	156	0	10	0	274	0	0
ADCK2	1	139	0	82	0	195	0	0
NDUFB2	0	32	0	10	0	21	0	0
BRAF	0	93	0	19	0	35	0	0
MRPS33	0	1	0	1	0	11	0	0
TMEM178B	0	45	0	0	0	15	0	0
AGK	0	12	0	3	0	39	0	0
KIAA1147	0	52	0	2	0	90	0	0
WEE2	0	31	0	3	0	16	0	0
SSBP1	0	109	1	40	0	69	0	0
TAS2R3	0	85	1	35	0	11	0	0
TAS2R4	0	22	0	3	0	48	0	0
TAS2R5	0	16	0	2	1	101	0	0
PRSS37	0	22	0	4	0	12	0	0
MGAM	10	712	0	48	2	305	0	0
OR9A4	0	0	0	0	0	0	0	0
CLEC5A	0	66	0	0	0	0	0	0
TAS2R38	0	0	0	0	0	0	0	0
MGAM2	0	0	0	0	0	0	0	0
PRSS58	0	15	0	0	0	31	0	0
MTRNR2L6	0	0	0	0	0	0	0	0
PRSS1	0	48	0	6	0	8	0	0
PRSS2	0	0	0	0	0	0	0	0
EPHB6	0	80	0	0	0	13	0	0
TRPV6	0	138	0	3	0	139	0	0
TRPV5	0	37	0	3	0	69	0	0
LLCFC1	0	0	0	0	0	0	0	0
KEL	0	109	0	8	0	94	0	0
OR9A2	0	20	0	3	0	9	0	0
OR6V1	0	30	0	35	0	21	0	0
PIP	0	12	0	1	2	123	0	0
TAS2R39	0	59	0	6	0	39	0	0
TAS2R40	0	8	0	7	0	45	0	0
GSTK1	0	8	0	5	0	21	0	0
TMEM139	0	0	0	0	0	0	0	0
CASP2	0	54	0	2	0	31	0	0
CLCN1	1	150	0	45	1	316	0	0
FAM131B	0	7	0	1	0	8	0	0
ZYX	2	119	0	1	0	55	0	0
EPHA1	0	93	0	16	2	197	0	0
TAS2R60	0	56	0	7	0	5	0	0
TAS2R41	0	18	0	3	1	75	0	0
CTAGE15	0	2	0	5	0	8	0	0
TCAF2	0	29	0	6	0	49	0	0
TCAF2C	0	0	0	0	0	0	0	0
CTAGE6	0	57	0	2	0	12	0	0
TCAF1	0	24	0	0	0	19	0	0
OR2F2	0	42	0	0	0	13	0	0
OR2F1	0	0	0	0	0	0	0	0
OR6B1	0	15	0	8	0	32	0	0
OR2A5	0	18	0	4	0	26	0	0
OR2A25	0	28	0	1	0	180	0	0
OR2A12	0	22	0	6	0	9	0	0
OR2A2	1	154	0	3	0	11	0	0
OR2A14	0	23	0	10	0	27	0	0
CTAGE4	0	0	0	0	0	0	0	0
ARHGEF35	2	50	0	3	0	0	0	0
OR2A42	0	0	0	0	0	0	0	0
OR2A7	0	0	0	0	0	0	0	0
CTAGE8	0	0	0	0	0	0	0	0
OR2A1	0	0	0	0	0	0	0	0
ARHGEF5	0	108	0	24	1	86	0	0
NOBOX	0	178	0	8	0	34	0	0
TPK1	0	63	0	4	0	125	0	0
CNTNAP2	2	342	0	3	0	233	0	0
C7orf33	0	7	0	3	0	0	0	0
CUL1	0	41	0	0	0	12	0	0
EZH2	2	134	0	0	0	22	0	0
PDIA4	0	49	0	2	2	232	0	0
ZNF786	0	40	0	21	0	63	0	0
ZNF425	0	195	0	6	0	23	0	0
ZNF398	0	161	0	0	0	30	0	0
ZNF282	0	9	0	1	0	4	0	0
ZNF212	0	72	0	16	1	208	0	0
ZNF783	0	15	0	10	0	43	0	0
ZNF777	1	116	0	1	0	50	0	0
ZNF746	2	303	0	1	0	73	0	0
KRBA1	0	264	0	19	1	88	0	0
ZNF467	0	108	0	13	0	210	0	0
SSPO	31	1269	1	271	24	1290	0	0
ZNF862	2	392	0	6	0	101	0	0
ATP6V0E2	0	55	0	11	0	68	0	0
ACTR3C	0	68	0	3	0	96	0	0
LRRC61	0	0	0	0	0	0	0	0
ZBED6CL	0	0	0	0	0	0	0	0
RARRES2	0	15	0	2	0	25	0	0
REPIN1	0	108	0	2	0	34	0	0
AC073111.3	0	114	0	2	0	40	0	0
ZNF775	0	59	0	1	0	30	0	0
AC073111.5	0	0	0	0	0	0	0	0
GIMAP8	0	86	0	5	0	86	0	0
GIMAP7	0	35	0	23	0	35	0	0
GIMAP4	0	19	0	2	0	38	0	0
GIMAP6	0	37	0	2	0	12	0	0
GIMAP2	0	32	0	19	0	22	0	0
GIMAP1	0	35	0	0	0	23	0	0
GIMAP1-GIMAP5	0	68	0	0	0	101	0	0
GIMAP5	0	37	0	0	0	78	0	0
TMEM176B	0	23	0	4	0	9	0	0
TMEM176A	0	12	0	3	0	21	0	0
AOC1	0	78	0	1	0	75	0	0
KCNH2	1	135	0	0	0	152	0	0
NOS3	2	373	0	4	2	339	0	0
ATG9B	0	80	0	0	0	12	0	0
ABCB8	1	252	0	5	2	104	0	0
ASIC3	0	40	0	21	0	14	0	0
CDK5	0	1	0	0	0	0	0	0
SLC4A2	0	101	0	0	0	138	0	0
FASTK	0	44	0	1	0	114	0	0
TMUB1	0	0	0	0	0	0	0	0
AGAP3	2	281	0	3	1	136	0	0
GBX1	0	59	0	0	0	44	0	0
ASB10	0	136	0	3	2	316	0	0
IQCA1L	0	0	0	0	0	0	0	0
AC021097.3	0	2	0	2	0	2	0	0
AC021097.2	1	128	0	5	1	143	0	0
ABCF2	1	126	0	3	1	141	0	0
CHPF2	2	276	0	19	2	341	0	0
SMARCD3	0	18	0	6	0	18	0	0
NUB1	0	25	0	7	0	21	0	0
WDR86	0	48	0	5	1	140	0	0
CRYGN	0	54	0	7	0	29	0	0
RHEB	0	5	0	0	0	1	0	0
PRKAG2	2	205	0	1	0	55	0	0
GALNTL5	0	15	0	4	0	48	0	0
GALNT11	0	89	0	39	1	187	0	0
KMT2C	8	709	0	14	0	590	0	0
XRCC2	0	8	0	6	0	15	0	0
ACTR3B	0	19	0	1	0	38	0	0
DPP6	2	267	0	1	0	129	0	0
PAXIP1	0	192	0	0	0	189	0	0
HTR5A	0	115	0	1	0	34	0	0
INSIG1	0	13	0	0	0	18	0	0
EN2	0	126	0	0	0	46	0	0
CNPY1	0	16	0	1	0	33	0	0
RBM33	0	112	0	8	0	19	0	0
SHH	2	110	0	0	0	17	0	0
RNF32	0	20	0	11	0	19	0	0
LMBR1	0	137	0	14	0	46	0	0
NOM1	0	73	0	10	0	156	0	0
MNX1	0	116	0	0	0	19	0	0
UBE3C	0	166	0	10	1	115	0	0
DNAJB6	0	65	0	1	0	26	0	0
PTPRN2	2	283	0	1	1	71	0	0
NCAPG2	0	101	0	3	1	435	0	0
ESYT2	1	86	0	2	3	300	0	0
WDR60	0	103	0	8	0	105	0	0
VIPR2	1	160	0	5	0	68	0	0
