#Gene	syn.obs	syn.haps	lgd.obs	lgd.haps	dmis.obs	dmis.haps	lgd/dmis.obs	lgd/dmis.haps
CHL1	0	110	0	0	0	162	0	0
CNTN6	0	1194	0	19	1	134	0	0
CNTN4	0	75	0	7	0	139	0	0
IL5RA	0	64	0	6	0	54	0	0
TRNT1	0	7	0	13	1	37	0	0
CRBN	0	41	0	8	2	103	0	0
SUMF1	0	440	0	13	2	268	0	0
LRRN1	0	308	0	0	0	147	0	0
SETMAR	0	106	0	11	0	39	0	0
ITPR1	3	548	0	8	3	362	0	0
BHLHE40	0	24	0	0	0	22	0	0
ARL8B	0	5	0	2	0	18	0	0
EDEM1	0	41	0	7	2	80	0	0
GRM7	0	185	0	2	0	55	0	0
LMCD1	0	32	0	0	0	84	0	0
SSUH2	0	29	0	10	0	211	0	0
CAV3	0	92	0	2	0	77	0	0
OXTR	0	92	0	2	0	76	0	0
RAD18	0	13	0	5	0	22	0	0
SRGAP3	0	319	0	1	0	100	0	0
THUMPD3	0	19	0	7	0	82	0	0
SETD5	1	86	0	0	2	155	0	0
LHFPL4	0	36	0	0	0	5	0	0
MTMR14	0	70	0	12	0	62	0	0
CPNE9	0	87	0	0	0	7	0	0
BRPF1	0	102	0	0	0	84	0	0
OGG1	0	93	0	4	0	147	0	0
CAMK1	0	32	0	4	0	69	0	0
TADA3	0	55	0	0	0	29	0	0
ARPC4	0	2	0	0	0	11	0	0
ARPC4-TTLL3	0	99	0	5	0	96	0	0
TTLL3	0	171	0	6	0	101	0	0
RPUSD3	0	76	0	1	0	16	0	0
CIDEC	0	29	0	3	0	52	0	0
JAGN1	0	44	0	12	0	25	0	0
IL17RE	0	19	0	3	0	170	0	0
IL17RC	0	159	0	11	1	201	0	0
CRELD1	0	0	0	0	0	0	0	0
PRRT3	1	203	0	7	0	154	0	0
EMC3	0	41	0	0	0	15	0	0
FANCD2	0	99	0	18	0	105	0	0
FANCD2OS	0	12	0	4	0	17	0	0
BRK1	0	1	0	1	0	4	0	0
VHL	0	66	0	1	0	22	0	0
IRAK2	0	110	0	19	0	111	0	0
TATDN2	1	138	0	2	3	214	0	0
AC022384.1	1	136	0	1	3	201	0	0
GHRL	0	15	0	2	0	7	0	0
SEC13	0	78	0	0	0	34	0	0
ATP2B2	1	251	0	2	0	106	0	0
SLC6A11	2	322	0	4	0	40	0	0
SLC6A1	0	399	0	1	0	17	0	0
HRH1	0	82	0	0	0	52	0	0
ATG7	0	33	0	9	0	86	0	0
VGLL4	0	227	0	1	0	35	0	0
TAMM41	0	104	0	3	0	36	0	0
SYN2	0	37	0	2	0	44	0	0
TIMP4	0	32	0	2	0	34	0	0
PPARG	0	97	0	0	0	18	0	0
TSEN2	0	57	0	3	0	26	0	0
MKRN2OS	0	32	0	5	0	16	0	0
MKRN2	0	137	0	3	0	25	0	0
RAF1	0	32	0	0	0	29	0	0
TMEM40	0	14	0	6	0	16	0	0
CAND2	0	165	0	6	0	356	0	0
RPL32	0	7	0	0	0	40	0	0
IQSEC1	4	229	0	0	1	128	0	0
NUP210	1	309	0	12	6	432	0	0
HDAC11	0	18	0	2	0	46	0	0
FBLN2	5	476	0	2	0	176	0	0
WNT7A	0	56	0	1	0	32	0	0
CHCHD4	0	12	0	1	0	15	0	0
TMEM43	0	23	0	4	0	54	0	0
AC090004.1	0	29	0	0	0	20	0	0
XPC	0	95	0	6	0	71	0	0
LSM3	0	4	0	1	0	3	0	0
SLC6A6	0	44	0	0	0	5	0	0
GRIP2	0	45	0	4	0	81	0	0
CCDC174	0	14	0	0	1	119	0	0
C3orf20	0	214	0	17	0	1078	0	0
FGD5	1	352	0	2	2	161	0	0
NR2C2	0	49	0	1	0	87	0	0
MRPS25	0	18	0	4	0	38	0	0
RBSN	0	109	0	3	0	136	0	0
CAPN7	1	90	0	4	1	40	0	0
SH3BP5	0	63	0	0	0	22	0	0
METTL6	0	13	0	14	0	9	0	0
EAF1	0	0	0	1	0	0	0	0
COLQ	0	35	0	4	0	48	0	0
HACL1	0	42	0	10	0	60	0	0
BTD	0	60	0	8	0	106	0	0
ANKRD28	1	223	0	0	0	92	0	0
GALNT15	0	97	0	10	0	55	0	0
DPH3	0	0	0	0	0	0	0	0
OXNAD1	1	954	0	8	0	28	0	0
RFTN1	3	1154	0	5	0	42	0	0
DAZL	0	13	0	1	0	27	0	0
PLCL2	1	171	0	4	0	30	0	0
TBC1D5	0	169	0	11	0	171	0	0
SATB1	0	120	0	2	0	44	0	0
KCNH8	0	197	0	3	0	211	0	0
EFHB	1	82	1	24	2	205	0	0
RAB5A	0	117	0	0	0	18	0	0
PP2D1	0	16	0	3	0	41	0	0
KAT2B	0	40	0	49	2	352	0	0
SGO1	0	70	0	8	0	16	0	0
ZNF385D	0	129	0	1	0	77	0	0
UBE2E2	0	1	0	1	0	3	0	0
UBE2E1	0	190	0	0	0	2	0	0
NKIRAS1	0	135	0	1	0	18	0	0
RPL15	0	113	0	1	0	11	0	0
NR1D2	0	62	0	0	0	102	0	0
THRB	0	28	0	0	0	32	0	0
RARB	1	156	0	0	0	18	0	0
TOP2B	0	62	0	5	0	164	0	0
NGLY1	0	8	0	4	0	13	0	0
OXSM	0	30	0	18	0	121	0	0
LRRC3B	1	139	0	0	0	8	0	0
NEK10	0	73	0	6	3	331	0	0
SLC4A7	0	57	0	9	1	115	0	0
EOMES	1	84	0	6	1	1363	0	0
CMC1	0	77	0	4	0	2	0	0
AZI2	0	0	0	3	0	0	0	0
ZCWPW2	0	58	0	7	0	15	0	0
AC098650.1	0	74	0	8	0	43	0	0
RBMS3	0	26	0	3	0	46	0	0
TGFBR2	0	110	0	2	0	74	0	0
GADL1	0	50	0	7	3	146	0	0
STT3B	0	47	0	0	0	32	0	0
OSBPL10	4	356	0	4	0	142	0	0
ZNF860	2	185	0	2	0	21	0	0
GPD1L	0	35	0	1	0	35	0	0
CMTM8	0	92	0	1	0	15	0	0
CMTM7	0	19	0	1	0	10	0	0
CMTM6	0	3	0	0	0	3	0	0
DYNC1LI1	0	34	0	6	0	102	0	0
CNOT10	0	23	0	0	0	136	0	0
TRIM71	1	148	0	0	0	105	0	0
CCR4	0	70	0	3	0	12	0	0
GLB1	0	84	0	4	0	38	0	0
TMPPE	0	0	0	0	0	0	0	0
CRTAP	0	73	0	3	0	140	0	0
SUSD5	0	115	0	4	1	123	0	0
FBXL2	0	19	0	0	0	15	0	0
UBP1	0	30	0	1	0	57	0	0
CLASP2	0	225	0	3	1	218	0	0
PDCD6IP	0	89	0	2	1	81	0	0
ARPP21	0	84	0	0	1	206	0	0
STAC	0	25	0	0	0	53	0	0
DCLK3	0	45	0	0	0	36	0	0
TRANK1	8	628	0	30	0	279	0	0
EPM2AIP1	0	0	0	0	0	0	0	0
MLH1	0	46	0	2	0	189	0	0
LRRFIP2	0	16	0	12	0	41	0	0
GOLGA4	1	298	0	9	2	310	0	0
ITGA9	0	263	0	4	1	263	0	0
CTDSPL	0	12	0	2	0	25	0	0
VILL	0	61	0	19	0	90	0	0
PLCD1	0	132	0	1	0	10	0	0
DLEC1	2	290	0	14	0	139	0	0
ACAA1	2	128	0	12	1	104	0	0
MYD88	0	0	0	0	0	0	0	0
OXSR1	0	121	0	0	0	37	0	0
SLC22A13	2	150	0	17	0	52	0	0
SLC22A14	0	233	0	24	0	47	0	0
XYLB	0	24	0	8	0	190	0	0
ACVR2B	0	32	0	1	0	41	0	0
EXOG	0	42	0	9	0	30	0	0
SCN5A	3	427	0	3	1	191	0	0
SCN10A	0	186	0	14	2	421	0	0
SCN11A	0	198	0	16	0	126	0	0
WDR48	0	54	0	0	0	95	0	0
GORASP1	0	62	0	1	0	99	0	0
TTC21A	0	84	0	14	0	44	0	0
CSRNP1	0	42	0	0	0	51	0	0
XIRP1	0	140	0	22	1	401	0	0
CX3CR1	0	116	0	7	0	42	0	0
CCR8	0	18	0	1	0	34	0	0
SLC25A38	0	80	0	3	0	161	0	0
RPSA	0	8	0	0	0	14	0	0
MOBP	0	24	0	0	0	19	0	0
MYRIP	1	184	0	4	0	182	0	0
EIF1B	0	4	0	0	0	1	0	0
ENTPD3	0	57	0	2	0	184	0	0
RPL14	0	59	0	1	0	38	0	0
ZNF619	0	85	0	2	0	13	0	0
ZNF620	0	142	0	7	0	28	0	0
ZNF621	0	24	0	1	0	8	0	0
CTNNB1	0	182	0	0	0	57	0	0
ULK4	3	292	0	76	5	397	0	0
TRAK1	1	226	0	2	4	356	0	0
CCK	0	4	0	3	0	1	0	0
LYZL4	0	61	0	0	0	75	0	0
VIPR1	0	78	0	3	0	43	0	0
SEC22C	0	22	0	1	0	33	0	0
SS18L2	0	5	0	0	0	9	0	0
NKTR	0	82	0	8	0	130	0	0
ZBTB47	0	171	0	0	0	130	0	0
KLHL40	0	60	0	3	0	113	0	0
HHATL	0	36	0	3	0	82	0	0
AC006059.2	1	99	0	9	0	132	0	0
CCDC13	1	96	0	7	0	130	0	0
HIGD1A	0	3	0	2	0	2	0	0
ACKR2	0	150	0	6	2	132	0	0
AC092042.3	0	205	1	58	2	329	0	0
KRBOX1	0	176	1	45	2	162	0	0
CYP8B1	0	150	0	6	2	132	0	0
ZNF662	0	22	1	39	0	25	0	0
FAM198A	0	35	0	17	0	173	0	0
POMGNT2	0	86	0	2	0	151	0	0
SNRK	0	120	0	0	0	65	0	0
ANO10	1	138	0	17	0	135	0	0
ABHD5	1	74	0	0	0	6	0	0
TOPAZ1	0	227	0	3	1	117	0	0
TCAIM	1	163	0	8	0	51	0	0
ZNF445	0	22	0	0	0	15	0	0
ZNF852	0	96	0	14	0	64	0	0
ZKSCAN7	0	47	0	15	0	31	0	0
ZNF660	0	5	0	141	0	20	0	0
ZNF197	0	9	0	143	0	27	0	0
ZNF35	0	5	0	1	0	17	0	0
ZNF502	2	157	0	8	0	42	0	0
ZNF501	0	29	0	5	0	22	0	0
KIAA1143	0	3	0	3	0	88	0	0
KIF15	0	86	0	14	2	333	0	0
TMEM42	0	9	0	0	1	58	0	0
TGM4	0	98	0	135	0	28	0	0
ZDHHC3	0	13	0	1	0	26	0	0
EXOSC7	0	30	0	6	0	52	0	0
CLEC3B	0	20	0	2	0	38	0	0
CDCP1	0	191	0	0	0	74	0	0
TMEM158	0	211	0	1	0	31	0	0
LARS2	0	247	0	4	0	154	0	0
LIMD1	0	58	0	1	1	143	0	0
SACM1L	1	155	0	3	0	31	0	0
SLC6A20	0	277	0	6	1	199	0	0
LZTFL1	0	34	0	4	0	147	0	0
CCR9	0	29	0	3	0	133	0	0
FYCO1	0	109	0	12	3	275	0	0
CXCR6	0	0	0	0	0	0	0	0
XCR1	0	45	0	3	0	19	0	0
CCR3	0	135	0	1	0	61	0	0
CCR1	0	124	0	0	0	16	0	0
CCR2	0	19	0	2	0	24	0	0
CCR5	0	25	0	28	0	66	0	0
CCRL2	0	44	0	22	0	5	0	0
LTF	2	315	0	11	0	80	0	0
RTP3	0	39	0	1	0	7	0	0
LRRC2	0	14	0	5	0	31	0	0
TDGF1	0	0	0	0	0	0	0	0
AC104304.1	0	0	0	1	0	95	0	0
FAM240A	0	4	0	3	0	99	0	0
ALS2CL	0	186	0	51	0	134	0	0
TMIE	0	12	0	0	0	34	0	0
PRSS50	2	118	0	11	0	83	0	0
PRSS45	0	16	0	9	0	14	0	0
AC109583.3	0	16	0	9	0	14	0	0
PRSS42	0	15	0	11	0	15	0	0
MYL3	0	106	0	0	0	12	0	0
PTH1R	0	57	0	2	0	137	0	0
CCDC12	0	74	0	3	0	34	0	0
NBEAL2	3	1138	0	7	1	386	0	0
SETD2	0	89	0	0	0	155	0	0
KIF9	0	53	0	4	0	113	0	0
KLHL18	0	63	0	0	0	45	0	0
PTPN23	1	357	0	25	3	355	0	0
SCAP	0	87	0	0	0	36	0	0
ELP6	0	27	0	5	0	63	0	0
CSPG5	2	114	0	0	0	38	0	0
SMARCC1	0	48	0	5	1	85	0	0
DHX30	0	76	0	0	0	107	0	0
MAP4	0	109	0	1	0	110	0	0
CDC25A	0	92	0	13	0	16	0	0
CAMP	0	10	0	4	0	6	0	0
ZNF589	0	10	0	9	0	4	0	0
NME6	0	0	0	0	0	0	0	0
SPINK8	0	0	0	7	0	0	0	0
FBXW12	0	30	0	7	0	2	0	0
PLXNB1	0	216	0	3	1	181	0	0
CCDC51	0	0	0	0	0	0	0	0
TMA7	0	0	0	0	0	0	0	0
ATRIP	0	72	0	6	0	45	0	0
TREX1	0	0	0	0	0	0	0	0
SHISA5	0	22	0	7	0	39	0	0
PFKFB4	0	13	0	7	0	37	0	0
UCN2	0	17	0	3	0	17	0	0
COL7A1	3	441	0	19	8	573	0	0
UQCRC1	0	29	0	2	1	163	0	0
TMEM89	0	0	0	0	0	0	0	0
SLC26A6	0	0	0	0	0	0	0	0
CELSR3	5	434	0	8	5	508	0	0
NCKIPSD	0	82	0	3	0	120	0	0
IP6K2	0	8	0	1	0	4	0	0
PRKAR2A	0	39	0	4	0	54	0	0
SLC25A20	0	2	0	3	0	15	0	0
ARIH2OS	0	0	0	0	0	0	0	0
ARIH2	0	23	0	0	0	15	0	0
P4HTM	0	27	0	2	1	129	0	0
WDR6	0	2	0	1	0	5	0	0
DALRD3	0	17	0	9	0	18	0	0
NDUFAF3	0	0	0	0	0	0	0	0
IMPDH2	0	21	0	3	0	25	0	0
QRICH1	0	50	0	0	0	14	0	0
QARS	0	60	0	6	0	120	0	0
USP19	0	11	0	1	0	29	0	0
LAMB2	3	378	0	11	0	198	0	0
CCDC71	0	118	0	1	0	25	0	0
KLHDC8B	0	33	0	1	0	18	0	0
C3orf84	0	0	0	1	0	1	0	0
CCDC36	0	47	0	2	0	39	0	0
C3orf62	0	2	0	3	0	3	0	0
USP4	1	155	0	28	0	130	0	0
GPX1	0	0	0	0	0	0	0	0
RHOA	0	5	0	0	0	2	0	0
TCTA	0	0	0	0	0	0	0	0
AMT	0	33	0	0	0	30	0	0
AC104452.1	0	34	0	0	0	31	0	0
NICN1	0	1	0	0	0	1	0	0
DAG1	1	123	0	1	0	80	0	0
BSN	11	660	0	4	4	726	0	0
APEH	0	54	0	2	0	42	0	0
MST1	0	0	0	0	0	0	0	0
RNF123	0	98	0	4	1	243	0	0
AMIGO3	0	0	0	0	0	0	0	0
GMPPB	0	83	0	4	0	67	0	0
IP6K1	0	11	0	0	0	10	0	0
CDHR4	0	44	0	7	0	2	0	0
INKA1	0	9	0	2	0	28	0	0
UBA7	1	95	0	8	0	125	0	0
TRAIP	1	114	0	6	0	39	0	0
CAMKV	0	39	0	0	0	52	0	0
MST1R	3	372	0	32	3	280	0	0
MON1A	0	95	0	3	0	56	0	0
RBM6	2	315	0	1	0	259	0	0
RBM5	0	95	0	0	0	39	0	0
SEMA3F	1	210	0	0	0	72	0	0
GNAT1	0	27	0	2	0	12	0	0
SLC38A3	0	0	0	0	0	0	0	0
GNAI2	0	26	0	1	0	31	0	0
SEMA3B	0	0	0	0	0	0	0	0
LSMEM2	0	60	0	18	0	14	0	0
IFRD2	0	0	0	0	0	0	0	0
HYAL3	0	5	0	5	0	15	0	0
NAA80	0	0	0	0	0	0	0	0
HYAL1	0	17	0	1	0	32	0	0
HYAL2	0	22	0	1	0	15	0	0
TUSC2	0	5	0	0	0	8	0	0
RASSF1	0	0	0	0	0	0	0	0
ZMYND10	0	26	0	6	0	64	0	0
NPRL2	0	0	0	0	0	0	0	0
CYB561D2	0	0	0	0	0	0	0	0
Z84492.1	0	30	0	0	0	137	0	0
TMEM115	0	0	0	0	0	0	0	0
CACNA2D2	1	155	0	0	0	184	0	0
C3orf18	0	10	0	0	0	2	0	0
HEMK1	0	37	0	4	0	17	0	0
CISH	1	169	0	0	0	67	0	0
MAPKAPK3	0	16	0	4	0	43	0	0
DOCK3	0	259	0	7	3	276	0	0
MANF	0	0	0	0	0	0	0	0
RBM15B	0	0	0	0	0	0	0	0
DCAF1	0	153	0	1	0	29	0	0
RAD54L2	0	70	0	1	2	242	0	0
TEX264	0	45	0	2	0	55	0	0
GRM2	0	31	0	1	0	99	0	0
IQCF6	0	38	0	0	0	151	0	0
AC097636.1	0	1	0	0	0	10	0	0
IQCF3	0	1	0	0	0	10	0	0
IQCF2	0	1	0	0	0	11	0	0
IQCF5	0	0	0	4	0	0	0	0
IQCF1	0	11	0	1	0	18	0	0
RRP9	1	157	0	4	2	229	0	0
PARP3	0	1	0	1	0	7	0	0
GPR62	0	0	0	0	0	0	0	0
PCBP4	0	42	0	3	0	158	0	0
ABHD14B	0	31	0	2	0	99	0	0
ABHD14A	0	28	0	0	0	87	0	0
ABHD14A-ACY1	0	47	0	3	0	108	0	0
ACY1	0	19	0	3	0	22	0	0
RPL29	0	9	0	4	0	20	0	0
DUSP7	0	78	0	2	0	13	0	0
POC1A	0	34	0	1	0	88	0	0
ALAS1	0	183	0	7	0	118	0	0
TLR9	1	236	0	3	0	44	0	0
AC097637.1	1	244	0	5	0	61	0	0
TWF2	0	17	0	5	0	26	0	0
PPM1M	0	24	0	3	0	175	0	0
WDR82	0	13	0	0	0	8	0	0
GLYCTK	0	17	0	5	0	35	0	0
DNAH1	8	836	0	28	16	991	0	0
BAP1	1	200	0	0	0	43	0	0
PHF7	0	85	0	0	0	6	0	0
SEMA3G	0	169	0	9	0	234	0	0
TNNC1	0	16	0	1	0	7	0	0
NISCH	2	540	0	2	1	254	0	0
STAB1	0	382	0	32	1	373	0	0
NT5DC2	0	241	0	5	0	71	0	0
SMIM4	0	17	0	0	0	52	0	0
PBRM1	0	198	0	0	0	142	0	0
GNL3	0	0	0	0	0	0	0	0
GLT8D1	0	69	0	2	0	34	0	0
SPCS1	0	4	0	0	0	7	0	0
NEK4	0	42	0	12	0	37	0	0
ITIH1	1	216	0	21	0	97	0	0
ITIH3	0	171	0	5	0	44	0	0
ITIH4	0	137	0	5	0	98	0	0
AC006254.1	0	137	0	5	0	98	0	0
MUSTN1	0	0	0	0	0	0	0	0
TMEM110-MUSTN1	0	22	0	0	0	22	0	0
STIMATE	0	22	0	0	0	22	0	0
SFMBT1	0	167	0	2	1	62	0	0
AC096887.1	0	12	0	1	0	13	0	0
RFT1	0	57	0	3	0	123	0	0
PRKCD	0	93	0	0	0	50	0	0
TKT	0	64	0	0	2	299	0	0
DCP1A	0	48	0	0	1	233	0	0
CACNA1D	1	387	0	0	1	267	0	0
CHDH	1	153	0	4	0	42	0	0
IL17RB	0	16	0	6	0	75	0	0
ACTR8	1	296	0	542	0	53	0	0
SELENOK	0	0	0	0	0	0	0	0
CACNA2D3	0	163	0	51	1	249	0	0
LRTM1	0	62	0	51	0	13	0	0
WNT5A	0	111	0	1	0	66	0	0
ERC2	0	128	0	4	0	137	0	0
CCDC66	1	88	1	228	0	59	0	0
FAM208A	0	177	0	72	1	123	0	0
ARHGEF3	0	70	0	5	0	122	0	0
SPATA12	0	10	0	4	0	1	0	0
IL17RD	0	38	0	4	0	123	0	0
HESX1	0	41	0	1	0	37	0	0
APPL1	0	125	0	8	0	75	0	0
ASB14	0	28	0	14	0	48	0	0
DNAH12	0	283	0	48	7	513	0	0
PDE12	0	23	0	3	0	58	0	0
ARF4	0	4	0	0	0	9	0	0
DENND6A	0	43	0	3	0	88	0	0
SLMAP	0	47	0	1	0	108	0	0
FLNB	1	1313	0	8	7	515	0	0
DNASE1L3	0	67	0	6	0	21	0	0
ABHD6	0	25	0	2	0	43	0	0
RPP14	0	5	0	1	0	25	0	0
HTD2	0	5	0	1	0	25	0	0
PXK	0	131	0	3	1	105	0	0
PDHB	0	94	0	0	0	18	0	0
KCTD6	0	0	0	0	0	0	0	0
ACOX2	0	81	0	53	0	78	0	0
FAM107A	0	21	0	0	0	14	0	0
FAM3D	0	25	0	0	0	150	0	0
C3orf67	0	41	0	9	0	29	0	0
FHIT	0	62	0	0	0	8	0	0
PTPRG	0	253	0	3	0	184	0	0
C3orf14	0	0	0	0	0	5	0	0
FEZF2	0	109	0	0	0	50	0	0
CADPS	1	197	0	2	1	173	0	0
SYNPR	0	47	0	2	0	76	0	0
SNTN	0	6	0	4	0	11	0	0
C3orf49	0	0	0	0	0	0	0	0
THOC7	0	0	0	0	0	1	0	0
ATXN7	1	176	0	1	0	190	0	0
PSMD6	0	81	0	0	0	45	0	0
PRICKLE2	1	94	0	0	0	54	0	0
ADAMTS9	3	324	0	5	0	184	0	0
MAGI1	2	285	0	12	2	285	0	0
SLC25A26	2	289	0	8	0	143	0	0
LRIG1	4	384	0	6	0	230	0	0
KBTBD8	0	36	0	4	0	66	0	0
SUCLG2	0	24	0	7	2	226	0	0
FAM19A1	0	4	0	0	0	11	0	0
FAM19A4	0	49	0	4	0	48	0	0
EOGT	0	80	0	16	0	180	0	0
TMF1	0	72	0	3	3	369	0	0
UBA3	0	20	0	0	0	18	0	0
ARL6IP5	0	14	0	0	0	38	0	0
LMOD3	0	58	0	0	0	89	0	0
FRMD4B	0	173	0	2	1	251	0	0
MITF	1	83	0	1	0	97	0	0
MDFIC2	0	0	0	0	0	0	0	0
FOXP1	0	54	0	1	1	115	0	0
AC097634.4	0	57	0	2	1	123	0	0
EIF4E3	0	3	0	1	0	8	0	0
GPR27	0	0	0	0	0	0	0	0
PROK2	0	45	0	10	0	13	0	0
RYBP	0	52	0	1	0	6	0	0
SHQ1	0	19	0	33	0	41	0	0
GXYLT2	0	113	0	5	0	38	0	0
PPP4R2	0	30	0	0	0	23	0	0
EBLN2	0	0	0	0	0	0	0	0
PDZRN3	3	407	0	16	1	163	0	0
CNTN3	0	51	0	4	1	256	0	0
FRG2C	0	147	0	64	0	8	0	0
ZNF717	0	4	0	0	0	0	0	0
ROBO2	0	129	0	3	1	236	0	0
ROBO1	0	147	0	16	2	190	0	0
GBE1	1	122	0	13	0	144	0	0
CADM2	1	319	0	0	0	21	0	0
VGLL3	0	22	0	0	0	29	0	0
CHMP2B	0	7	0	5	0	23	0	0
POU1F1	0	19	0	2	0	51	0	0
HTR1F	0	13	0	1	0	68	0	0
CGGBP1	0	74	0	0	0	162	0	0
ZNF654	0	65	0	0	0	158	0	0
C3orf38	0	9	0	4	0	27	0	0
CSNKA2IP	0	0	0	0	0	0	0	0
EPHA3	0	165	0	1	0	126	0	0
PROS1	0	38	0	0	0	69	0	0
ARL13B	0	12	0	5	1	139	0	0
STX19	0	0	0	0	0	0	0	0
DHFR2	0	8	0	0	1	134	0	0
NSUN3	0	41	0	3	0	19	0	0
MTRNR2L12	0	0	0	0	0	0	0	0
EPHA6	0	114	0	1	1	255	0	0
ARL6	0	7	0	1	0	7	0	0
CRYBG3	0	158	0	21	0	474	0	0
RIOX2	0	99	0	13	1	195	0	0
GABRR3	0	2	0	3	0	5	0	0
OR5AC2	0	33	1	33	0	11	0	0
OR5H1	0	171	0	12	0	23	0	0
OR5H14	0	56	1	9	0	1053	0	0
OR5H15	1	147	0	19	0	76	0	0
OR5H6	0	0	0	0	0	0	0	0
OR5H2	0	34	0	24	0	145	0	0
OR5K4	0	32	0	6	0	45	0	0
OR5K3	0	32	0	552	0	49	0	0
OR5K1	0	42	0	3	0	50	0	0
OR5K2	0	66	0	2	0	10	0	0
CLDND1	0	90	0	0	0	91	0	0
AC021660.3	0	78	0	2	0	71	0	0
GPR15	0	67	0	2	0	56	0	0
CPOX	1	39	0	2	0	39	0	0
ST3GAL6	0	21	0	1	0	110	0	0
DCBLD2	0	75	0	2	1	177	0	0
COL8A1	0	172	0	1	0	67	0	0
CMSS1	1	158	0	6	1	176	0	0
FILIP1L	1	155	0	6	1	137	0	0
TBC1D23	0	154	0	7	0	172	0	0
NIT2	0	13	0	5	0	48	0	0
TOMM70	0	89	0	1	0	53	0	0
LNP1	0	164	0	4	0	6	0	0
TMEM45A	1	170	0	5	0	9	0	0
ADGRG7	2	108	0	16	0	90	0	0
TFG	0	211	0	1	0	21	0	0
ABI3BP	0	69	0	6	0	105	0	0
IMPG2	0	46	0	6	0	155	0	0
SENP7	0	66	0	4	0	31	0	0
TRMT10C	0	28	0	4	0	31	0	0
PCNP	0	20	0	0	0	19	0	0
ZBTB11	0	44	0	1	0	43	0	0
RPL24	0	19	0	0	0	4	0	0
CEP97	0	94	0	3	0	127	0	0
NXPE3	0	152	0	4	0	43	0	0
NFKBIZ	0	49	0	42	0	59	0	0
ZPLD1	0	58	0	5	0	76	0	0
ALCAM	1	216	0	2	0	42	0	0
CBLB	0	179	0	3	1	115	0	0
CCDC54	0	51	0	4	0	6	0	0
BBX	0	106	0	4	0	142	0	0
CD47	0	27	0	1	0	11	0	0
IFT57	0	51	0	18	0	31	0	0
HHLA2	0	25	0	90	0	103	0	0
MYH15	3	282	0	101	2	319	0	0
CIP2A	0	55	0	9	0	110	0	0
DZIP3	0	81	0	7	0	99	0	0
RETNLB	0	11	0	1	0	6	0	0
TRAT1	0	59	0	9	0	29	0	0
GUCA1C	0	2	0	2	0	10	0	0
MORC1	0	233	0	6	0	124	0	0
C3orf85	0	0	0	0	0	0	0	0
DPPA2	1	111	0	1	0	7	0	0
DPPA4	0	28	0	4	0	7	0	0
NECTIN3	0	148	0	2	1	67	0	0
CD96	0	40	0	10	0	39	0	0
ZBED2	0	0	0	0	0	0	0	0
PLCXD2	0	45	0	0	0	63	0	0
PHLDB2	0	103	0	4	0	179	0	0
ABHD10	0	43	0	0	0	56	0	0
TAGLN3	0	9	0	0	0	6	0	0
TMPRSS7	0	85	0	30	1	346	0	0
C3orf52	0	72	0	6	0	26	0	0
GCSAM	0	35	0	0	0	0	0	0
SLC9C1	2	168	0	11	0	56	0	0
CD200	0	4	0	0	0	56	0	0
BTLA	0	10	0	0	0	4	0	0
ATG3	0	19	0	3	0	27	0	0
SLC35A5	0	11	0	6	0	22	0	0
CCDC80	0	176	0	2	1	184	0	0
CD200R1L	0	11	0	6	0	31	0	0
CD200R1	0	10	0	0	0	5	0	0
GTPBP8	0	16	0	10	0	30	0	0
NEPRO	0	81	0	8	0	34	0	0
BOC	1	200	0	4	1	185	0	0
CFAP44	0	189	0	19	1	244	0	0
AC112128.1	1	314	0	19	2	244	0	0
SPICE1	1	156	0	12	0	180	0	0
SIDT1	0	219	0	2	4	175	0	0
USF3	0	139	0	0	0	207	0	0
NAA50	0	3	0	1	0	10	0	0
ATP6V1A	0	31	0	0	0	20	0	0
GRAMD1C	0	44	0	8	0	114	0	0
ZDHHC23	0	23	0	2	0	25	0	0
CCDC191	0	52	0	16	0	63	0	0
QTRT2	0	100	0	17	0	94	0	0
DRD3	0	31	0	0	0	15	0	0
ZNF80	0	43	0	8	0	9	0	0
TIGIT	0	149	0	1	0	12	0	0
ZBTB20	0	64	0	1	0	214	0	0
GAP43	0	34	0	0	0	15	0	0
LSAMP	0	22	0	1	0	12	0	0
IGSF11	0	37	0	6	0	56	0	0
C3orf30	0	29	0	7	0	8	0	0
AC083800.1	0	5	0	1	0	10	0	0
UPK1B	0	9	0	3	2	112	0	0
B4GALT4	0	91	0	2	0	24	0	0
ARHGAP31	1	78	0	3	0	210	0	0
TMEM39A	0	27	0	0	0	26	0	0
POGLUT1	0	41	0	2	0	81	0	0
TIMMDC1	1	9	0	2	0	16	0	0
CD80	0	15	0	1	0	9	0	0
ADPRH	0	13	0	70	0	30	0	0
PLA1A	0	48	0	7	0	49	0	0
POPDC2	0	22	0	8	0	32	0	0
COX17	0	16	0	7	0	25	0	0
MAATS1	0	148	0	6	0	83	0	0
AC069444.2	0	155	0	7	0	85	0	0
NR1I2	0	81	0	6	0	36	0	0
GSK3B	0	65	0	0	0	19	0	0
GPR156	0	38	0	8	0	145	0	0
LRRC58	0	8	0	1	0	64	0	0
FSTL1	0	9	0	1	0	126	0	0
NDUFB4	0	4	0	2	0	14	0	0
HGD	0	25	0	7	0	48	0	0
RABL3	3	232	0	1	0	31	0	0
GTF2E1	0	12	0	1	0	90	0	0
STXBP5L	0	90	0	1	1	295	0	0
POLQ	1	243	0	38	2	378	0	0
ARGFX	0	25	0	3	0	1	0	0
FBXO40	0	65	0	5	1	193	0	0
HCLS1	0	170	0	4	0	315	0	0
GOLGB1	3	235	0	21	4	366	0	0
IQCB1	0	25	0	14	0	104	0	0
EAF2	0	18	0	2	0	75	0	0
SLC15A2	0	39	0	6	0	55	0	0
ILDR1	1	165	0	4	0	54	0	0
CD86	0	16	0	0	0	7	0	0
CASR	0	58	0	0	0	92	0	0
CSTA	0	3	0	1	0	17	0	0
CCDC58	0	20	0	0	0	8	0	0
FAM162A	0	3	0	2	0	50	0	0
WDR5B	0	4	0	12	1	101	0	0
KPNA1	0	25	0	0	0	26	0	0
PARP9	0	41	0	4	0	44	0	0
DTX3L	0	88	0	8	0	17	0	0
PARP15	0	100	0	12	0	19	0	0
PARP14	0	145	0	17	0	107	0	0
HSPBAP1	0	60	0	3	0	22	0	0
DIRC2	0	24	0	2	0	34	0	0
SEMA5B	1	320	0	2	0	213	0	0
PDIA5	0	48	0	6	1	93	0	0
SEC22A	0	11	0	2	0	23	0	0
ADCY5	1	160	0	3	0	108	0	0
HACD2	0	97	0	1	0	16	0	0
MYLK	0	289	0	3	0	235	0	0
CCDC14	0	67	0	23	0	35	0	0
ROPN1	1	214	0	2	0	12	0	0
KALRN	3	559	0	34	5	617	0	0
UMPS	0	27	0	0	0	49	0	0
ITGB5	3	192	0	2	2	248	0	0
MUC13	0	4	0	0	0	2	0	0
HEG1	2	659	0	4	0	72	0	0
SLC12A8	0	160	0	14	0	116	0	0
ZNF148	0	44	0	0	0	51	0	0
SNX4	0	38	0	0	0	18	0	0
OSBPL11	0	43	0	0	0	38	0	0
ALG1L	0	13	0	4	0	21	0	0
ROPN1B	0	20	0	5	0	22	0	0
SLC41A3	0	66	0	5	0	46	0	0
ALDH1L1	2	280	0	15	0	229	0	0
KLF15	0	75	0	0	0	11	0	0
CFAP100	0	172	0	108	0	210	0	0
ZXDC	0	135	0	4	0	47	0	0
UROC1	1	358	0	3	1	248	0	0
CHST13	0	33	0	1	0	55	0	0
C3orf22	0	34	0	1	0	58	0	0
TXNRD3	1	149	0	17	0	29	0	0
CHCHD6	0	11	0	4	0	55	0	0
PLXNA1	1	417	0	1	4	301	0	0
C3orf56	0	24	0	8	0	1	0	0
PRR20G	0	0	0	0	0	0	0	0
TPRA1	0	20	0	7	1	204	0	0
MCM2	3	281	0	2	1	190	0	0
PODXL2	0	212	0	1	0	82	0	0
ABTB1	0	78	0	101	0	113	0	0
MGLL	0	70	0	6	0	69	0	0
KBTBD12	0	49	0	6	0	26	0	0
SEC61A1	0	82	0	1	0	29	0	0
RUVBL1	1	187	0	4	0	97	0	0
EEFSEC	1	108	0	4	2	139	0	0
DNAJB8	0	21	0	1	0	40	0	0
GATA2	0	26	0	0	0	57	0	0
RPN1	0	73	0	1	0	201	0	0
RAB7A	0	72	0	0	0	7	0	0
ACAD9	0	42	0	1	0	60	0	0
KIAA1257	1	101	0	5	1	225	0	0
EFCC1	1	271	0	12	0	58	0	0
GP9	0	45	0	1	0	29	0	0
RAB43	0	36	0	1	0	18	0	0
ISY1-RAB43	0	42	0	1	0	32	0	0
ISY1	0	6	0	0	0	14	0	0
CNBP	0	11	0	0	0	5	0	0
COPG1	0	188	0	3	0	98	0	0
HMCES	0	45	0	0	0	46	0	0
H1FX	0	46	0	1	0	22	0	0
EFCAB12	1	222	0	23	0	50	0	0
MBD4	0	35	0	14	2	134	0	0
IFT122	0	332	0	23	0	198	0	0
RHO	1	184	0	1	0	50	0	0
H1FOO	0	40	0	0	0	5	0	0
PLXND1	0	255	0	4	1	273	0	0
TMCC1	0	89	0	0	0	16	0	0
TRH	0	8	0	7	0	41	0	0
ALG1L2	0	62	0	1	0	71	0	0
COL6A5	1	199	0	319	1	447	0	0
COL6A6	1	343	0	71	1	374	0	0
PIK3R4	0	121	0	2	0	163	0	0
ATP2C1	0	73	0	65	0	52	0	0
ASTE1	0	128	0	65	0	56	0	0
NEK11	0	55	0	14	0	40	0	0
NUDT16	0	0	0	0	0	0	0	0
MRPL3	0	29	0	3	0	86	0	0
CPNE4	0	26	0	0	0	50	0	0
ACPP	0	25	0	14	0	26	0	0
DNAJC13	1	209	0	1	3	586	0	0
ACAD11	1	147	0	16	1	239	0	0
NPHP3-ACAD11	2	274	0	35	8	549	0	0
ACKR4	0	111	0	6	0	94	0	0
UBA5	0	30	0	2	0	66	0	0
NPHP3	0	100	0	18	2	252	0	0
TMEM108	0	74	0	1	0	22	0	0
BFSP2	0	69	0	3	0	53	0	0
CDV3	0	13	0	13	0	7	0	0
TOPBP1	0	74	0	1	0	100	0	0
TF	0	105	0	2	0	158	0	0
SRPRB	0	10	0	1	0	17	0	0
RAB6B	0	51	0	0	0	18	0	0
SLCO2A1	0	74	0	5	2	196	0	0
RYK	0	12	0	0	0	53	0	0
AMOTL2	0	68	0	1	1	214	0	0
ANAPC13	0	1	0	1	0	2	0	0
CEP63	0	20	0	11	0	85	0	0
EPHB1	3	297	0	9	1	190	0	0
KY	1	78	0	5	0	66	0	0
PPP2R3A	0	188	0	2	3	382	0	0
MSL2	0	5	0	1	0	7	0	0
PCCB	0	48	0	12	2	153	0	0
STAG1	2	248	0	0	0	30	0	0
SLC35G2	0	26	0	2	0	86	0	0
NCK1	0	153	0	0	0	53	0	0
IL20RB	0	63	0	1	0	64	0	0
SOX14	0	6	0	0	0	17	0	0
CLDN18	0	11	0	40	0	66	0	0
DZIP1L	0	109	0	15	0	63	0	0
A4GNT	0	129	0	46	1	67	0	0
DBR1	1	116	0	4	1	110	0	0
ARMC8	0	17	0	2	0	56	0	0
NME9	0	36	0	6	0	39	0	0
MRAS	0	43	0	0	0	5	0	0
ESYT3	0	148	0	5	0	217	0	0
CEP70	0	26	0	9	0	104	0	0
FAIM	0	30	0	3	0	14	0	0
PIK3CB	0	106	0	3	0	54	0	0
FOXL2	0	58	0	1	0	33	0	0
FOXL2NB	0	0	0	0	0	0	0	0
PRR23A	1	64	0	2	0	7	0	0
MRPS22	1	115	0	21	0	109	0	0
PRR23B	0	33	0	2	0	4	0	0
PRR23C	0	12	0	15	0	16	0	0
COPB2	0	137	0	1	0	68	0	0
RBP2	0	13	0	1	0	11	0	0
RBP1	0	9	0	4	0	26	0	0
NMNAT3	0	112	0	13	0	17	0	0
CLSTN2	0	228	0	2	3	204	0	0
TRIM42	0	136	0	14	0	212	0	0
SLC25A36	0	30	0	0	0	66	0	0
SPSB4	0	145	0	3	0	28	0	0
PXYLP1	0	42	0	3	0	50	0	0
ZBTB38	0	168	0	4	0	77	0	0
RASA2	0	68	0	4	0	135	0	0
RNF7	0	5	0	3	0	1	0	0
AC112504.2	1	125	0	6	1	109	0	0
GRK7	1	125	0	3	1	120	0	0
ATP1B3	0	30	0	0	0	8	0	0
TFDP2	0	5	0	1	0	133	0	0
GK5	0	13	0	3	0	19	0	0
XRN1	0	56	0	1	0	106	0	0
ATR	0	193	0	12	2	499	0	0
PLS1	0	134	0	6	0	212	0	0
TRPC1	0	42	0	1	1	48	0	0
PCOLCE2	0	117	0	10	0	86	0	0
PAQR9	0	126	0	2	1	38	0	0
U2SURP	0	0	0	0	0	0	0	0
CHST2	0	33	0	0	0	220	0	0
SLC9A9	0	109	0	5	0	60	0	0
C3orf58	0	79	0	1	0	29	0	0
PLOD2	0	33	0	3	0	144	0	0
PLSCR4	0	106	0	2	0	62	0	0
PLSCR2	0	43	0	4	0	23	0	0
PLSCR1	0	6	0	1	0	4	0	0
PLSCR5	0	9	0	42	0	32	0	0
ZIC4	0	17	0	2	0	138	0	0
ZIC1	1	137	0	2	0	165	0	0
AGTR1	0	25	0	1	1	123	0	0
CPB1	0	55	0	11	1	87	0	0
CPA3	0	98	0	3	0	237	0	0
GYG1	0	24	0	124	1	113	0	0
HLTF	0	42	0	16	1	219	0	0
HPS3	1	124	0	5	0	72	0	0
CP	0	144	0	6	0	248	0	0
TM4SF18	0	61	0	4	0	9	0	0
TM4SF1	0	17	0	5	0	14	0	0
TM4SF4	0	20	0	4	0	16	0	0
WWTR1	0	30	0	0	0	137	0	0
COMMD2	0	0	0	1	0	0	0	0
ANKUB1	0	169	0	8	0	76	0	0
RNF13	0	13	0	3	0	14	0	0
PFN2	0	11	0	0	0	3	0	0
TSC22D2	1	190	0	0	0	78	0	0
SERP1	0	23	0	3	0	106	0	0
EIF2A	0	21	0	3	0	105	0	0
SELENOT	0	2	0	0	0	32	0	0
ERICH6	0	99	0	39	0	53	0	0
SIAH2	0	22	0	0	0	24	0	0
MINDY4B	0	0	0	0	0	0	0	0
AC020636.2	0	2	0	5	0	10	0	0
CLRN1	0	26	0	10	0	29	0	0
MED12L	9	557	0	19	0	225	0	0
GPR171	0	0	0	0	0	0	0	0
P2RY14	0	0	0	0	0	0	0	0
GPR87	0	15	0	19	0	44	0	0
P2RY13	0	0	0	0	0	0	0	0
P2RY12	4	315	0	0	0	61	0	0
IGSF10	0	466	0	103	3	314	0	0
AADACL2	0	16	0	5	0	28	0	0
AADAC	0	15	0	61	0	14	0	0
SUCNR1	0	43	0	3	0	33	0	0
MBNL1	0	28	0	0	0	11	0	0
P2RY1	0	17	0	1	0	17	0	0
RAP2B	0	14	0	14	0	1	0	0
ARHGEF26	0	80	0	5	0	101	0	0
DHX36	1	93	0	1	0	104	0	0
GPR149	0	163	0	5	0	43	0	0
MME	0	31	0	11	0	97	0	0
DWORF	0	0	0	0	0	0	0	0
PLCH1	2	240	0	0	2	168	0	0
C3orf33	0	15	0	7	0	24	0	0
AC104472.3	0	55	0	8	1	196	0	0
SLC33A1	0	40	0	1	1	173	0	0
GMPS	0	39	0	1	0	42	0	0
KCNAB1	0	15	0	4	0	40	0	0
SSR3	0	15	0	3	0	10	0	0
TIPARP	0	32	0	2	0	58	0	0
LEKR1	0	18	0	4	0	77	0	0
CCNL1	0	40	0	1	0	29	0	0
VEPH1	0	203	0	13	1	251	0	0
PTX3	0	6	0	2	0	71	0	0
PQLC2L	0	11	0	2	0	6	0	0
SHOX2	0	12	0	0	0	10	0	0
RSRC1	0	10	0	2	0	89	0	0
MLF1	0	60	0	5	0	20	0	0
GFM1	0	64	0	7	0	45	0	0
LXN	0	43	0	4	0	33	0	0
RARRES1	0	4	0	4	0	15	0	0
MFSD1	0	35	0	8	0	76	0	0
IQCJ-SCHIP1	0	122	0	1	0	35	0	0
IQCJ	0	33	0	0	0	11	0	0
SCHIP1	0	37	0	0	0	9	0	0
IL12A	0	33	0	1	0	19	0	0
C3orf80	0	72	0	1	0	26	0	0
AC079594.2	0	184	0	58	3	260	0	0
IFT80	0	68	0	9	0	57	0	0
SMC4	0	47	0	8	0	39	0	0
TRIM59	0	70	0	41	2	165	0	0
KPNA4	0	74	0	29	0	9	0	0
ARL14	0	18	0	5	0	32	0	0
PPM1L	0	73	0	0	0	74	0	0
B3GALNT1	0	14	0	2	0	8	0	0
NMD3	0	47	0	3	0	53	0	0
SPTSSB	0	4	0	0	0	5	0	0
OTOL1	0	43	0	7	0	62	0	0
SI	1	282	0	22	3	418	0	0
SLITRK3	1	215	0	1	1	185	0	0
BCHE	0	41	0	11	0	60	0	0
ZBBX	0	46	0	81	0	33	0	0
SERPINI2	1	135	0	22	0	52	0	0
WDR49	0	22	0	6	0	99	0	0
PDCD10	0	2	0	0	0	11	0	0
SERPINI1	0	26	0	0	0	47	0	0
GOLIM4	1	79	0	1	0	87	0	0
MECOM	1	221	0	1	1	196	0	0
ACTRT3	1	22	0	1	1	118	0	0
MYNN	0	12	0	1	1	20	0	0
LRRC34	0	28	0	1	0	1042	0	0
LRRIQ4	0	63	0	2	0	19	0	0
LRRC31	0	23	0	4	0	60	0	0
SAMD7	0	17	0	2	0	6	0	0
SEC62	0	32	0	1	0	64	0	0
GPR160	0	11	0	8	0	7	0	0
PHC3	0	112	0	1	0	283	0	0
PRKCI	0	54	0	4	0	21	0	0
SKIL	0	33	0	1	0	140	0	0
CLDN11	0	14	0	0	0	20	0	0
AC026316.5	1	186	0	3	0	188	0	0
SLC7A14	1	172	0	3	0	168	0	0
RPL22L1	0	1	0	0	0	7	0	0
EIF5A2	0	60	0	0	0	5	0	0
SLC2A2	0	15	0	4	1	38	0	0
TNIK	0	115	0	3	1	169	0	0
PLD1	0	90	0	15	1	279	0	0
TMEM212	0	13	0	7	0	9	0	0
FNDC3B	1	155	0	1	0	78	0	0
GHSR	0	157	0	3	0	38	0	0
TNFSF10	2	211	0	8	0	14	0	0
NCEH1	0	2	0	5	0	0	0	0
ECT2	0	47	0	1	0	75	0	0
SPATA16	0	22	0	3	0	33	0	0
NLGN1	0	78	0	3	0	48	0	0
NAALADL2	0	48	0	19	0	40	0	0
TBL1XR1	0	135	0	1	0	3	0	0
KCNMB2	0	15	0	0	0	24	0	0
AC117457.1	0	15	0	0	0	24	0	0
ZMAT3	0	12	0	1	0	25	0	0
PIK3CA	0	92	0	0	0	36	0	0
KCNMB3	0	7	0	2	0	50	0	0
ZNF639	1	60	0	1	0	58	0	0
MFN1	0	112	0	15	0	99	0	0
GNB4	0	45	0	1	0	46	0	0
ACTL6A	0	4	0	0	0	23	0	0
MRPL47	0	9	0	9	0	29	0	0
NDUFB5	0	12	0	1	0	17	0	0
USP13	1	81	0	4	0	106	0	0
PEX5L	0	50	0	1	0	47	0	0
TTC14	1	70	0	8	0	154	0	0
CCDC39	0	42	0	12	0	192	0	0
FXR1	0	14	0	1	0	53	0	0
DNAJC19	0	61	0	5	0	0	0	0
SOX2	0	56	0	0	0	16	0	0
ATP11B	1	72	0	3	0	102	0	0
DCUN1D1	0	69	0	0	0	13	0	0
MCCC1	0	33	0	8	0	61	0	0
LAMP3	0	26	0	0	0	12	0	0
MCF2L2	0	64	0	9	1	157	0	0
B3GNT5	0	25	0	4	0	28	0	0
KLHL6	1	155	0	4	0	41	0	0
KLHL24	0	76	0	3	0	37	0	0
YEATS2	1	149	0	4	1	220	0	0
AC131160.1	0	53	0	5	0	16	0	0
MAP6D1	0	1	0	3	0	0	0	0
PARL	0	52	0	2	0	16	0	0
ABCC5	2	246	0	2	1	161	0	0
HTR3D	0	40	0	5	0	54	0	0
HTR3C	1	176	0	1	0	46	0	0
HTR3E	0	57	0	2	0	31	0	0
EIF2B5	0	198	0	1	0	65	0	0
DVL3	1	268	0	1	0	35	0	0
AP2M1	0	58	0	1	0	7	0	0
ABCF3	0	28	0	1	0	86	0	0
VWA5B2	0	76	0	10	0	89	0	0
ALG3	0	0	0	0	0	0	0	0
EEF1AKMT4	0	13	0	0	0	2	0	0
EEF1AKMT4-ECE2	0	118	0	11	1	173	0	0
CAMK2N2	0	11	0	0	0	2	0	0
ECE2	0	104	0	11	1	169	0	0
PSMD2	1	249	0	0	0	72	0	0
EIF4G1	0	201	0	3	0	216	0	0
FAM131A	0	17	0	5	0	16	0	0
CLCN2	0	65	0	9	1	178	0	0
POLR2H	0	0	0	0	0	0	0	0
THPO	0	1155	0	13	0	37	0	0
CHRD	0	1201	0	16	1	98	0	0
EPHB3	2	337	0	0	0	149	0	0
MAGEF1	0	16	0	113	0	76	0	0
VPS8	1	102	0	19	3	254	0	0
C3orf70	0	9	0	2	0	53	0	0
EHHADH	0	39	0	26	1	186	0	0
MAP3K13	0	71	0	1	0	165	0	0
TMEM41A	0	13	0	2	2	91	0	0
LIPH	0	39	0	10	0	24	0	0
SENP2	0	30	0	0	0	21	0	0
IGF2BP2	0	23	0	1	0	20	0	0
TRA2B	0	27	0	0	0	2	0	0
ETV5	0	86	0	1	0	154	0	0
DGKG	0	114	0	7	0	94	0	0
CRYGS	0	40	0	2	0	44	0	0
TBCCD1	0	149	0	2	0	35	0	0
DNAJB11	0	16	0	0	0	13	0	0
AC068631.2	0	5	0	0	0	6	0	0
AHSG	0	61	0	2	0	127	0	0
FETUB	0	183	0	800	0	37	0	0
HRG	0	57	0	12	0	106	0	0
KNG1	0	27	0	1	0	21	0	0
EIF4A2	0	11	0	0	0	4	0	0
RFC4	0	54	0	3	0	41	0	0
ADIPOQ	0	25	0	4	1	102	0	0
ST6GAL1	0	115	0	1	0	18	0	0
RPL39L	0	0	0	0	0	9	0	0
RTP1	0	15	0	0	0	46	0	0
MASP1	2	271	0	8	1	155	0	0
RTP4	0	43	0	1	0	19	0	0
SST	0	4	0	0	0	43	0	0
RTP2	0	32	0	1	0	33	0	0
BCL6	0	78	0	0	0	77	0	0
LPP	0	56	0	1	0	288	0	0
TPRG1	0	16	0	7	0	11	0	0
TP63	0	58	0	1	1	107	0	0
P3H2	0	119	0	9	1	122	0	0
CLDN1	0	230	0	1	0	27	0	0
CLDN16	0	15	0	1	0	21	0	0
TMEM207	0	55	0	3	0	6	0	0
IL1RAP	0	72	0	0	0	44	0	0
GMNC	0	152	0	4	0	37	0	0
OSTN	0	14	0	2	0	2	0	0
UTS2B	0	10	0	6	0	1	0	0
CCDC50	0	37	0	2	0	159	0	0
PYDC2	0	3	0	1	0	9	0	0
FGF12	0	7	0	0	0	11	0	0
MB21D2	0	55	0	2	0	41	0	0
HRASLS	0	140	0	43	0	23	0	0
ATP13A5	0	103	0	89	1	128	0	0
ATP13A4	0	164	0	6	1	50	0	0
OPA1	2	165	0	1	0	126	0	0
HES1	0	30	0	0	0	14	0	0
CPN2	0	210	0	1	0	17	0	0
LRRC15	0	94	0	5	0	84	0	0
GP5	0	161	0	3	0	24	0	0
ATP13A3	0	82	0	1	0	172	0	0
TMEM44	0	45	0	3	0	83	0	0
LSG1	0	160	0	8	0	200	0	0
FAM43A	0	32	0	1	0	29	0	0
XXYLT1	0	35	0	4	0	139	0	0
ACAP2	0	36	0	0	0	19	0	0
PPP1R2	0	10	0	0	0	14	0	0
APOD	0	42	0	3	0	9	0	0
MUC20	0	163	0	6	0	15	0	0
MUC4	0	38	0	43	0	2	0	0
TNK2	4	513	0	9	0	262	0	0
TFRC	0	187	0	2	0	37	0	0
ZDHHC19	0	12	0	6	0	92	0	0
SLC51A	0	25	0	4	1	35	0	0
PCYT1A	0	58	0	5	1	42	0	0
AC069257.3	0	14	0	1	0	53	0	0
TCTEX1D2	0	1	0	1	0	46	0	0
TM4SF19-TCTEX1D2	0	12	0	2	0	166	0	0
TM4SF19	0	11	0	1	0	166	0	0
UBXN7	0	131	0	0	0	71	0	0
RNF168	1	79	0	4	0	123	0	0
SMCO1	0	4	0	0	0	34	0	0
WDR53	0	17	0	4	0	48	0	0
FBXO45	0	46	0	1	0	56	0	0
NRROS	1	130	0	4	0	28	0	0
PIGX	2	260	0	10	0	55	0	0
CEP19	0	0	0	0	0	0	0	0
PAK2	1	131	0	0	0	13	0	0
SENP5	0	67	0	2	0	94	0	0
NCBP2	0	14	0	1	0	4	0	0
NCBP2-AS2	0	0	0	0	0	0	0	0
PIGZ	0	0	0	0	0	0	0	0
MELTF	0	150	0	33	0	172	0	0
DLG1	0	20	0	1	0	86	0	0
BDH1	0	44	0	3	0	48	0	0
RUBCN	1	198	0	5	2	224	0	0
FYTTD1	0	17	0	0	0	31	0	0
LRCH3	0	37	0	4	0	140	0	0
IQCG	0	20	0	7	0	18	0	0
RPL35A	0	0	0	0	0	0	0	0
LMLN	0	24	0	4	0	21	0	0
