#Gene	syn.obs	syn.haps	lgd.obs	lgd.haps	dmis.obs	dmis.haps	lgd/dmis.obs	lgd/dmis.haps
IQSEC3	2	341	0	19	1	308	0	0
SLC6A12	0	134	0	2	0	82	0	0
SLC6A13	0	128	0	9	2	168	0	0
KDM5A	0	97	0	15	0	231	0	0
CCDC77	0	153	0	4	1	166	0	0
B4GALNT3	0	105	0	14	1	247	0	0
NINJ2	0	1	0	1	0	0	0	0
WNK1	0	222	0	5	1	230	0	0
RAD52	0	0	0	1	0	0	0	0
ERC1	0	107	0	6	0	81	0	0
WNT5B	3	450	0	0	1	178	0	0
FBXL14	2	394	0	0	1	147	0	0
ADIPOR2	0	20	0	0	0	39	0	0
CACNA2D4	0	0	0	5	0	0	0	0
LRTM2	0	0	0	0	0	0	0	0
DCP1B	0	81	0	6	0	58	0	0
CACNA1C	4	419	0	4	0	325	0	0
FKBP4	0	29	0	4	0	32	0	0
ITFG2	0	75	0	27	1	236	0	0
NRIP2	0	27	0	27	0	25	0	0
TEX52	0	0	0	0	0	0	0	0
FOXM1	0	162	0	0	1	255	0	0
RHNO1	1	104	0	0	1	99	0	0
TULP3	3	188	0	12	1	220	0	0
TEAD4	0	26	0	1	0	53	0	0
TSPAN9	0	20	0	1	0	23	0	0
PRMT8	0	2	0	0	0	1	0	0
CRACR2A	0	77	0	10	0	40	0	0
PARP11	0	9	0	6	0	20	0	0
AC008012.1	0	42	0	1	0	51	0	0
CCND2	0	21	0	0	0	30	0	0
TIGAR	0	11	0	0	0	3	0	0
FGF23	0	10	0	1	0	18	0	0
FGF6	0	18	0	1	0	110	0	0
C12orf4	0	16	0	6	0	19	0	0
RAD51AP1	0	47	0	0	0	29	0	0
DYRK4	0	27	0	5	0	99	0	0
AC005832.4	0	181	0	11	0	146	0	0
AKAP3	0	153	0	9	0	105	0	0
NDUFA9	0	24	0	0	0	37	0	0
AC005833.1	1	56	0	13	1	184	0	0
GALNT8	1	82	0	13	1	176	0	0
KCNA6	0	50	0	0	0	29	0	0
KCNA1	0	42	0	1	0	27	0	0
KCNA5	1	147	0	3	0	108	0	0
NTF3	0	1156	0	0	0	6	0	0
ANO2	2	228	0	13	1	313	0	0
VWF	6	665	0	20	7	795	0	0
CD9	0	32	0	0	0	22	0	0
PLEKHG6	1	207	0	13	1	178	0	0
TNFRSF1A	0	12	0	0	0	17	0	0
SCNN1A	0	125	0	57	0	97	0	0
LTBR	1	74	0	37	0	104	0	0
CD27	0	5	0	2	0	5	0	0
TAPBPL	0	151	0	6	0	138	0	0
VAMP1	0	0	0	0	0	0	0	0
MRPL51	0	1	0	1	0	23	0	0
NCAPD2	0	77	0	11	0	116	0	0
GAPDH	0	100	0	2	0	62	0	0
IFFO1	0	39	0	1	0	25	0	0
NOP2	0	22	0	2	1	161	0	0
AC006064.6	0	337	0	2	2	223	0	0
CHD4	0	315	0	0	1	62	0	0
LPAR5	1	145	0	6	0	19	0	0
ACRBP	0	19	0	13	0	31	0	0
ING4	0	1	0	1	0	13	0	0
ZNF384	1	240	0	1	0	53	0	0
PIANP	0	8	0	1	0	75	0	0
COPS7A	0	15	0	1	0	26	0	0
MLF2	0	34	0	1	0	31	0	0
PTMS	0	0	0	0	0	1	0	0
LAG3	0	36	0	3	0	141	0	0
CD4	0	38	0	1	0	47	0	0
GPR162	0	6	0	2	0	24	0	0
P3H3	0	35	0	3	1	45	0	0
GNB3	0	54	0	4	0	41	0	0
CDCA3	0	46	0	2	0	11	0	0
USP5	0	127	0	0	0	39	0	0
TPI1	0	0	0	0	0	0	0	0
SPSB2	0	0	0	0	0	0	0	0
LRRC23	0	48	0	1	1	88	0	0
ENO2	0	19	0	0	0	117	0	0
ATN1	2	320	0	2	0	232	0	0
C12orf57	0	13	0	24	0	40	0	0
PTPN6	1	86	0	0	0	62	0	0
PHB2	0	0	0	0	0	0	0	0
EMG1	0	17	0	1	0	12	0	0
LPCAT3	0	1	0	0	0	1	0	0
C1S	0	83	0	0	0	128	0	0
C1R	0	12	0	1	0	13	0	0
C1RL	0	39	0	2	0	41	0	0
RBP5	0	4	0	2	0	21	0	0
CLSTN3	1	209	0	5	1	174	0	0
PEX5	0	78	0	1	0	120	0	0
ACSM4	0	72	0	31	0	72	0	0
CD163L1	0	76	0	25	0	190	0	0
CD163	0	222	0	6	0	39	0	0
APOBEC1	0	3	0	161	0	35	0	0
GDF3	0	32	0	5	0	67	0	0
DPPA3	0	2	0	29	0	5	0	0
CLEC4C	0	8	0	15	0	6	0	0
NANOGNB	0	19	0	13	0	0	0	0
NANOG	0	9	0	3	0	5	0	0
SLC2A14	0	123	0	3	0	41	0	0
SLC2A3	1	73	0	3	0	98	0	0
FOXJ2	0	42	0	0	0	42	0	0
C3AR1	0	0	0	0	0	0	0	0
NECAP1	0	8	0	0	0	24	0	0
CLEC4A	0	27	0	20	0	7	0	0
AC092111.3	0	20	0	12	0	12	0	0
ZNF705A	0	13	0	3	0	16	0	0
FAM90A1	2	318	0	10	0	6	0	0
CLEC6A	0	8	0	3	0	13	0	0
CLEC4D	0	47	0	3	0	11	0	0
CLEC4E	0	3	0	4	0	4	0	0
AICDA	0	35	0	0	0	20	0	0
MFAP5	0	58	0	4	0	26	0	0
RIMKLB	0	0	0	0	0	0	0	0
A2ML1	2	302	0	37	1	268	0	0
PHC1	0	127	0	12	0	52	0	0
M6PR	0	10	0	1	0	17	0	0
KLRG1	0	71	0	6	0	17	0	0
A2M	0	106	0	5	0	181	0	0
PZP	2	167	0	96	0	133	0	0
KLRB1	0	13	0	1	0	5	0	0
CLEC2D	0	5	0	0	0	1	0	0
CLECL1	0	6	0	3	0	3	0	0
CD69	0	92	0	2	0	8	0	0
KLRF1	0	6	0	2	0	7	0	0
CLEC2B	0	9	0	2	0	5	0	0
KLRF2	0	17	0	7	0	66	0	0
CLEC2A	0	2	0	25	0	24	0	0
CLEC12A	0	48	0	38	0	17	0	0
CLEC1B	0	29	0	10	0	23	0	0
CLEC12B	0	7	0	6	0	36	0	0
CLEC9A	0	2	0	2	0	0	0	0
CLEC1A	0	5	0	7	0	16	0	0
CLEC7A	0	4	0	0	0	6	0	0
OLR1	0	28	0	1	0	7	0	0
TMEM52B	0	27	0	10	0	53	0	0
GABARAPL1	0	9	0	0	0	3	0	0
KLRD1	0	6	0	1	0	4	0	0
KLRK1	0	8	0	4	0	7	0	0
KLRC4-KLRK1	0	11	0	6	0	7	0	0
KLRC4	0	3	0	2	0	0	0	0
KLRC3	0	2	0	530	0	6	0	0
AC068775.1	1	18	0	531	2	41	0	0
KLRC2	1	16	0	2	2	35	0	0
KLRC1	0	3	0	1	0	3	0	0
EIF2S3B	0	0	0	0	0	0	0	0
MAGOHB	0	5	0	2	0	9	0	0
STYK1	0	14	0	7	0	58	0	0
YBX3	0	36	0	3	1	198	0	0
TAS2R7	0	0	0	0	0	0	0	0
TAS2R8	0	11	0	3	0	84	0	0
TAS2R9	0	0	0	0	0	0	0	0
PRH1	0	150	0	41	0	43	0	0
TAS2R10	0	24	0	32	0	19	0	0
PRR4	0	10	0	2	0	1	0	0
PRH1-PRR4	0	127	0	9	0	24	0	0
AC006518.7	0	6	0	3	0	0	0	0
TAS2R13	0	97	0	0	0	8	0	0
PRH2	0	16	0	5	0	15	0	0
TAS2R14	0	0	0	0	0	0	0	0
TAS2R50	0	0	0	0	0	0	0	0
TAS2R20	0	0	0	0	0	0	0	0
TAS2R19	0	0	0	0	0	0	0	0
TAS2R31	0	0	0	0	0	0	0	0
TAS2R46	0	0	0	0	0	0	0	0
TAS2R43	0	0	0	0	0	0	0	0
TAS2R30	0	0	0	0	0	0	0	0
SMIM10L1	0	0	0	0	0	0	0	0
TAS2R42	0	10	0	5	0	8	0	0
PRB3	0	87	0	6	0	1	0	0
PRB4	0	230	0	7	0	1	0	0
PRB1	1	366	0	63	0	19	0	0
PRB2	0	327	0	53	0	10	0	0
ETV6	0	58	0	0	0	178	0	0
BCL2L14	0	85	0	3	1	192	0	0
LRP6	0	89	0	2	0	196	0	0
MANSC1	0	162	0	2	0	11	0	0
BORCS5	0	10	0	3	0	601	0	0
DUSP16	0	4	0	0	0	12	0	0
CREBL2	0	4	0	1	0	8	0	0
GPR19	0	139	0	2	0	37	0	0
CDKN1B	0	112	0	0	0	30	0	0
APOLD1	0	108	0	10	0	97	0	0
DDX47	0	20	0	4	0	48	0	0
GPRC5A	0	101	0	63	0	25	0	0
GPRC5D	0	27	0	91	0	29	0	0
HEBP1	0	8	0	2	0	27	0	0
FAM234B	0	55	0	2	0	98	0	0
GSG1	0	1	0	0	0	40	0	0
EMP1	0	30	0	0	0	63	0	0
GRIN2B	1	289	0	0	0	73	0	0
ATF7IP	0	173	0	1	1	349	0	0
PLBD1	0	22	0	6	0	75	0	0
GUCY2C	0	82	0	16	0	91	0	0
HIST4H4	0	11	0	3	0	5	0	0
H2AFJ	0	0	0	0	0	0	0	0
WBP11	0	26	0	0	1	249	0	0
C12orf60	0	42	0	5	0	80	0	0
SMCO3	0	0	0	0	0	0	0	0
ART4	0	20	0	2	0	20	0	0
MGP	0	22	0	3	0	60	0	0
ERP27	0	18	0	4	0	18	0	0
ARHGDIB	0	66	0	1	0	9	0	0
PDE6H	0	0	0	8	0	8	0	0
RERG	0	123	0	0	0	11	0	0
PTPRO	0	73	0	0	0	138	0	0
EPS8	2	413	0	12	1	369	0	0
STRAP	0	6	0	3	0	73	0	0
DERA	0	106	0	4	0	42	0	0
SLC15A5	0	54	0	12	1	212	0	0
MGST1	0	5	0	3	0	15	0	0
LMO3	0	3	0	1	0	1	0	0
RERGL	1	101	0	42	0	45	0	0
PIK3C2G	1	152	0	98	1	351	0	0
PLCZ1	0	37	0	4	0	45	0	0
CAPZA3	0	0	0	0	0	0	0	0
PLEKHA5	1	130	0	2	1	171	0	0
AEBP2	0	63	0	1	0	32	0	0
PDE3A	1	190	0	9	3	305	0	0
SLCO1C1	0	26	0	8	0	147	0	0
SLCO1B3	1	135	0	199	0	51	0	0
AC011604.2	2	275	0	220	0	200	0	0
SLCO1B7	0	140	0	21	0	153	0	0
AC022335.1	0	100	0	10	0	163	0	0
SLCO1B1	0	21	0	18	0	60	0	0
SLCO1A2	0	80	0	9	0	64	0	0
IAPP	0	14	0	4	0	4	0	0
PYROXD1	0	17	0	8	0	64	0	0
RECQL	0	12	0	0	0	28	0	0
GOLT1B	0	20	0	0	0	28	0	0
SPX	0	6	0	3	0	16	0	0
GYS2	0	52	0	11	0	95	0	0
AC010197.2	0	58	0	14	1	117	0	0
LDHB	0	7	0	3	0	22	0	0
KCNJ8	0	41	0	1	0	39	0	0
ABCC9	0	231	0	7	0	55	0	0
CMAS	0	94	0	1	0	18	0	0
ST8SIA1	0	158	0	0	0	8	0	0
C2CD5	1	135	0	7	0	99	0	0
ETNK1	0	17	0	1	1	120	0	0
SOX5	2	148	0	2	0	39	0	0
BCAT1	0	135	0	1	0	40	0	0
LRMP	0	36	0	1	0	8	0	0
CASC1	0	44	0	14	0	1191	0	0
ETFRF1	0	0	0	0	0	0	0	0
KRAS	0	26	0	2	0	9	0	0
LMNTD1	0	30	0	2	0	24	0	0
RASSF8	0	178	0	0	0	71	0	0
BHLHE41	1	224	0	1	0	126	0	0
SSPN	1	242	0	2	0	142	0	0
ITPR2	0	245	0	9	2	378	0	0
INTS13	0	20	0	2	0	42	0	0
FGFR1OP2	0	46	0	3	0	15	0	0
TM7SF3	0	45	0	6	0	173	0	0
MED21	0	4	0	1	0	13	0	0
C12orf71	0	16	0	3	0	5	0	0
STK38L	0	23	0	2	0	22	0	0
ARNTL2	0	15	0	3	0	84	0	0
SMCO2	0	30	0	4	0	7	0	0
PPFIBP1	0	115	0	2	0	173	0	0
REP15	0	0	0	0	0	0	0	0
MRPS35	0	82	0	3	0	46	0	0
MANSC4	0	61	0	4	0	20	0	0
KLHL42	0	102	0	0	0	29	0	0
PTHLH	0	8	0	0	0	10	0	0
CCDC91	0	24	0	1	0	32	0	0
FAR2	0	15	0	4	0	118	0	0
ERGIC2	0	10	0	1	0	21	0	0
OVCH1	0	109	0	55	0	63	0	0
TMTC1	3	330	1	34	0	102	0	0
IPO8	0	93	0	6	0	139	0	0
CAPRIN2	1	87	0	5	2	287	0	0
TSPAN11	0	43	0	1	0	47	0	0
DDX11	0	197	0	17	0	268	0	0
SINHCAF	0	7	0	1	0	14	0	0
DENND5B	0	41	0	1	0	114	0	0
ETFBKMT	0	18	0	52	0	9	0	0
AMN1	0	12	0	0	0	9	0	0
H3F3C	0	11	0	2	0	18	0	0
KIAA1551	1	170	0	13	0	112	0	0
BICD1	0	88	0	1	0	98	0	0
FGD4	0	39	0	2	0	16	0	0
DNM1L	1	144	0	2	0	54	0	0
YARS2	0	102	0	2	0	68	0	0
PKP2	0	56	0	8	2	292	0	0
SYT10	0	65	0	4	0	42	0	0
ALG10	0	42	0	8	0	55	0	0
ALG10B	0	17	0	6	0	220	0	0
CPNE8	0	44	0	1	0	41	0	0
KIF21A	2	196	0	4	2	323	0	0
ABCD2	0	22	0	2	0	91	0	0
C12orf40	0	23	0	4	0	38	0	0
SLC2A13	0	34	0	2	0	75	0	0
LRRK2	0	157	0	20	0	354	0	0
MUC19	0	0	0	33	0	0	0	0
CNTN1	0	157	0	1	0	62	0	0
PDZRN4	0	188	1	15	1	259	0	0
GXYLT1	0	33	0	0	0	44	0	0
YAF2	0	35	0	1	0	13	0	0
PPHLN1	0	21	0	9	1	111	0	0
ZCRB1	0	4	0	1	1	97	0	0
PRICKLE1	1	203	0	0	0	93	0	0
ADAMTS20	0	191	0	13	1	187	0	0
PUS7L	0	41	0	5	2	375	0	0
IRAK4	0	14	0	10	0	24	0	0
TWF1	0	5	0	1	0	55	0	0
TMEM117	0	39	0	1	0	124	0	0
NELL2	0	50	0	0	1	186	0	0
DBX2	0	88	0	5	0	224	0	0
ANO6	0	66	0	14	0	58	0	0
ARID2	1	255	0	1	1	247	0	0
SCAF11	0	338	0	7	0	366	0	0
SLC38A1	0	41	0	2	1	67	0	0
SLC38A2	0	52	0	1	0	179	0	0
SLC38A4	0	19	0	2	0	105	0	0
AMIGO2	0	43	0	1	0	30	0	0
PCED1B	0	36	0	6	0	42	0	0
RPAP3	0	52	0	2	1	99	0	0
ENDOU	0	43	0	42	0	59	0	0
RAPGEF3	2	244	0	78	0	141	0	0
SLC48A1	0	7	0	70	0	6	0	0
HDAC7	2	210	0	1	1	252	0	0
VDR	0	108	0	1	0	48	0	0
TMEM106C	0	48	0	6	0	34	0	0
COL2A1	3	477	0	1	0	110	0	0
SENP1	0	28	0	2	0	83	0	0
PFKM	1	56	0	4	1	105	0	0
ASB8	0	28	0	1	0	5	0	0
CCDC184	0	10	0	2	0	70	0	0
OR10AD1	0	0	0	0	0	0	0	0
H1FNT	0	11	0	1	0	14	0	0
ZNF641	0	30	0	1	0	25	0	0
ANP32D	0	7	0	0	0	48	0	0
C12orf54	0	3	0	7	0	1	0	0
OR8S1	0	32	0	7	0	44	0	0
OR5BS1P	0	0	0	0	0	0	0	0
LALBA	0	2	0	1	0	4	0	0
KANSL2	0	11	0	0	0	7	0	0
CCNT1	0	1177	0	1	0	99	0	0
TEX49	0	0	0	0	0	0	0	0
ADCY6	0	105	0	4	1	226	0	0
CACNB3	0	34	0	2	0	100	0	0
DDX23	0	25	0	2	0	39	0	0
RND1	0	12	0	0	0	16	0	0
AC073610.3	0	25	0	2	0	81	0	0
CCDC65	0	18	0	2	0	80	0	0
FKBP11	0	6	0	2	0	2	0	0
AC073610.2	0	7	0	2	0	2	0	0
ARF3	0	8	0	0	0	1	0	0
WNT10B	0	74	0	6	0	113	0	0
WNT1	0	14	0	1	0	44	0	0
DDN	0	10	0	0	0	10	0	0
PRKAG1	0	99	0	3	0	12	0	0
KMT2D	5	868	0	1	15	944	0	0
RHEBL1	0	8	0	3	0	16	0	0
DHH	0	24	0	0	0	13	0	0
LMBR1L	0	53	0	10	0	118	0	0
TUBA1B	0	0	0	0	0	0	0	0
TUBA1A	0	194	0	0	0	195	0	0
TUBA1C	0	96	0	4	0	44	0	0
PRPH	0	18	0	84	0	136	0	0
TROAP	0	46	0	2	0	61	0	0
C1QL4	0	0	0	0	0	0	0	0
DNAJC22	0	42	0	5	0	52	0	0
SPATS2	0	12	0	28	0	171	0	0
KCNH3	0	129	0	0	0	94	0	0
MCRS1	0	18	0	1	0	44	0	0
PRPF40B	1	215	0	92	1	240	0	0
FAM186B	0	118	0	16	0	121	0	0
FMNL3	0	162	0	77	0	140	0	0
TMBIM6	0	12	0	1	0	34	0	0
NCKAP5L	2	204	0	2	0	117	0	0
BCDIN3D	0	26	0	1	0	124	0	0
FAIM2	0	40	0	1	0	53	0	0
AQP2	0	147	0	5	0	29	0	0
AQP5	0	4	0	1	0	59	0	0
AQP6	0	72	0	2	0	106	0	0
RACGAP1	0	23	0	2	0	69	0	0
ASIC1	0	29	0	24	0	21	0	0
SMARCD1	0	9	0	3	0	3	0	0
GPD1	0	66	0	1	0	136	0	0
COX14	0	2	0	0	0	11	0	0
CERS5	0	9	0	0	0	154	0	0
LIMA1	0	35	0	29	0	39	0	0
FAM186A	2	271	0	196	0	102	0	0
LARP4	0	17	0	1	0	59	0	0
DIP2B	1	106	0	6	0	181	0	0
ATF1	0	129	0	1	0	21	0	0
TMPRSS12	0	29	0	18	0	35	0	0
METTL7A	0	5	0	3	0	39	0	0
HIGD1C	0	6	0	0	0	83	0	0
SLC11A2	0	61	0	0	0	97	0	0
LETMD1	0	5	0	1	0	31	0	0
CSRNP2	1	46	0	2	0	74	0	0
TFCP2	0	27	0	3	0	12	0	0
POU6F1	0	26	0	0	0	29	0	0
DAZAP2	0	1	0	0	0	0	0	0
SMAGP	0	1	0	0	0	0	0	0
BIN2	0	80	0	1	1	196	0	0
CELA1	0	16	0	4	0	6	0	0
GALNT6	1	149	0	3	0	71	0	0
SLC4A8	0	3	0	0	0	8	0	0
SCN8A	0	116	0	1	0	68	0	0
AC068987.5	0	0	0	0	0	0	0	0
FIGNL2	0	0	0	0	0	0	0	0
ANKRD33	0	99	0	3	1	151	0	0
ACVRL1	0	96	0	1	1	84	0	0
ACVR1B	0	80	0	1	0	12	0	0
GRASP	0	32	0	16	0	46	0	0
NR4A1	0	149	0	4	0	85	0	0
ATG101	0	21	0	0	0	17	0	0
OR7E47P	0	0	0	0	0	0	0	0
KRT80	0	48	0	1	0	138	0	0
KRT7	0	24	0	1	0	142	0	0
KRT86	2	297	0	30	1	210	0	0
KRT81	0	82	0	26	0	113	0	0
KRT83	1	59	0	7	3	121	0	0
KRT85	0	209	0	0	0	62	0	0
KRT84	0	100	0	7	0	386	0	0
KRT82	1	121	0	77	2	350	0	0
KRT75	0	56	0	22	0	198	0	0
KRT6B	0	1202	0	5	0	226	0	0
KRT6C	0	245	0	9	0	63	0	0
KRT6A	0	153	0	1	0	425	0	0
KRT5	4	288	0	1	0	76	0	0
KRT71	0	82	0	0	1	170	0	0
KRT74	0	90	0	10	3	175	0	0
KRT72	0	200	0	3	1	227	0	0
KRT73	0	125	0	5	0	96	0	0
KRT2	0	354	0	5	0	101	0	0
KRT1	0	181	0	1	0	208	0	0
KRT77	0	104	0	16	0	50	0	0
KRT76	0	58	0	6	0	109	0	0
KRT3	0	180	0	7	0	60	0	0
KRT4	0	6	0	2	0	7	0	0
KRT79	0	51	0	18	0	167	0	0
KRT78	0	81	0	5	0	67	0	0
KRT8	0	31	0	10	7	497	0	0
KRT18	0	10	0	3	0	146	0	0
EIF4B	1	85	0	1	0	56	0	0
TNS2	3	346	0	3	0	172	0	0
SPRYD3	0	30	0	1	0	11	0	0
IGFBP6	0	49	0	5	0	24	0	0
SOAT2	0	127	0	14	0	85	0	0
CSAD	0	106	0	21	0	143	0	0
ZNF740	0	38	0	2	0	74	0	0
ITGB7	0	105	0	2	0	119	0	0
RARG	0	20	0	0	0	14	0	0
AC021072.1	0	0	0	0	0	0	0	0
MFSD5	0	40	0	3	0	41	0	0
ESPL1	1	111	0	14	0	97	0	0
PFDN5	0	3	0	0	0	7	0	0
C12orf10	0	0	0	0	0	0	0	0
AAAS	1	136	0	14	0	68	0	0
SP7	0	39	0	4	0	41	0	0
SP1	0	81	0	2	0	96	0	0
AMHR2	0	109	0	1	0	13	0	0
PRR13	0	23	0	0	0	4	0	0
PCBP2	0	12	0	0	0	7	0	0
MAP3K12	0	47	0	5	0	85	0	0
TARBP2	0	47	0	1	0	74	0	0
AC023509.3	0	48	0	1	0	23	0	0
NPFF	0	0	0	0	0	0	0	0
ATF7	0	48	0	1	0	23	0	0
ATP5MC2	0	27	0	4	0	11	0	0
CALCOCO1	0	115	0	1	1	138	0	0
HOXC13	0	20	0	5	0	78	0	0
HOXC12	0	16	0	6	0	146	0	0
HOXC11	0	19	0	0	0	63	0	0
HOXC10	1	178	0	3	0	33	0	0
AC012531.2	1	356	0	3	0	93	0	0
HOXC6	1	345	0	0	0	88	0	0
HOXC9	1	71	0	0	0	37	0	0
HOXC8	0	37	0	0	0	25	0	0
HOXC4	0	321	0	0	0	108	0	0
HOXC5	0	0	0	0	0	0	0	0
SMUG1	0	8	0	10	1	48	0	0
CBX5	0	10	0	0	0	7	0	0
HNRNPA1	0	0	0	0	0	0	0	0
NFE2	0	34	0	1	0	42	0	0
COPZ1	0	9	0	1	0	5	0	0
GPR84	0	34	0	7	0	135	0	0
ZNF385A	0	173	0	0	0	79	0	0
ITGA5	0	246	0	0	1	83	0	0
GTSF1	0	2	0	2	0	19	0	0
NCKAP1L	0	122	0	8	0	173	0	0
PDE1B	0	124	0	2	0	85	0	0
PPP1R1A	0	42	0	0	0	35	0	0
LACRT	0	18	0	0	0	2	0	0
DCD	0	6	0	28	0	0	0	0
MUCL1	0	49	0	1	0	2	0	0
TESPA1	0	77	0	2	0	57	0	0
NEUROD4	0	9	0	3	1	157	0	0
OR9K2	0	57	0	8	0	52	0	0
OR10A7	1	175	0	3	0	19	0	0
OR6C74	0	44	0	1	0	158	0	0
OR6C6	0	6	0	15	0	26	0	0
OR6C1	0	24	0	2	0	109	0	0
OR6C3	0	31	0	5	0	27	0	0
OR6C75	0	9	0	13	0	17	0	0
OR6C65	0	34	0	4	0	11	0	0
OR6C76	0	260	0	897	0	16	0	0
OR6C2	0	66	0	5	1	107	0	0
OR6C70	0	7	0	72	0	29	0	0
OR6C68	0	52	0	7	0	86	0	0
OR6C4	0	68	0	24	0	57	0	0
OR2AP1	0	48	0	13	0	17	0	0
OR10P1	0	46	0	2	0	47	0	0
METTL7B	0	0	0	0	0	0	0	0
ITGA7	2	311	0	10	2	288	0	0
BLOC1S1-RDH5	0	0	0	0	0	0	0	0
BLOC1S1	0	0	0	0	0	0	0	0
RDH5	0	0	0	0	0	0	0	0
CD63	0	146	0	6	0	9	0	0
GDF11	0	45	0	0	1	99	0	0
SARNP	0	10	0	0	0	11	0	0
AC023055.1	0	50	0	0	0	32	0	0
ORMDL2	0	37	0	0	0	15	0	0
DNAJC14	0	67	0	3	0	28	0	0
MMP19	0	26	0	20	1	165	0	0
PYM1	0	0	0	0	0	0	0	0
DGKA	0	45	0	0	0	184	0	0
PMEL	0	24	0	0	0	16	0	0
CDK2	0	20	0	0	0	16	0	0
RAB5B	0	16	0	3	0	12	0	0
SUOX	0	0	0	3	0	0	0	0
IKZF4	0	52	0	1	1	215	0	0
RPS26	0	11	0	0	0	1	0	0
ERBB3	0	95	0	8	0	212	0	0
AC034102.2	0	7	0	4	0	91	0	0
PA2G4	0	62	0	0	0	5	0	0
RPL41	0	0	0	0	0	0	0	0
ZC3H10	0	35	0	0	0	54	0	0
ESYT1	0	101	0	2	2	177	0	0
MYL6B	0	0	0	0	0	0	0	0
MYL6	0	0	0	0	0	0	0	0
SMARCC2	0	205	0	0	0	78	0	0
RNF41	0	30	0	0	0	11	0	0
NABP2	0	8	0	0	0	3	0	0
SLC39A5	0	90	0	18	0	176	0	0
ANKRD52	0	78	0	0	0	56	0	0
COQ10A	0	19	0	1	0	16	0	0
CS	0	4	0	3	0	10	0	0
AC073896.1	0	50	0	2	0	9	0	0
CNPY2	0	49	0	0	0	7	0	0
PAN2	0	139	0	2	0	177	0	0
IL23A	0	4	0	2	0	6	0	0
STAT2	0	67	0	1	0	43	0	0
APOF	0	0	0	0	0	0	0	0
TIMELESS	1	203	0	9	1	306	0	0
MIP	0	4	0	0	0	3	0	0
AC097104.1	0	64	0	3	0	42	0	0
SPRYD4	0	55	0	0	0	37	0	0
GLS2	0	60	0	3	0	39	0	0
RBMS2	0	51	0	5	0	34	0	0
BAZ2A	1	191	0	0	1	186	0	0
ATP5F1B	0	35	0	0	0	195	0	0
PTGES3	0	3	0	0	0	6	0	0
NACA	0	11	0	0	0	7	0	0
AC117378.1	0	12	0	0	0	13	0	0
PRIM1	0	18	0	6	0	21	0	0
HSD17B6	0	14	0	10	0	18	0	0
SDR9C7	0	30	0	2	0	42	0	0
RDH16	0	0	0	0	0	0	0	0
GPR182	0	22	0	2	0	32	0	0
ZBTB39	0	72	0	3	0	135	0	0
TAC3	0	13	0	1	0	20	0	0
MYO1A	0	92	1	116	1	308	0	0
NEMP1	0	16	0	4	0	22	0	0
NAB2	0	70	0	0	0	33	0	0
STAT6	0	38	0	0	0	33	0	0
LRP1	32	1332	0	15	6	752	0	0
NXPH4	0	0	0	0	0	0	0	0
SHMT2	1	131	0	3	0	52	0	0
NDUFA4L2	0	0	0	0	0	0	0	0
STAC3	1	178	0	3	0	45	0	0
AC137834.1	0	32	0	1	1	26	0	0
R3HDM2	0	43	0	2	1	114	0	0
INHBC	0	16	0	8	0	25	0	0
INHBE	0	0	0	0	0	0	0	0
GLI1	0	103	0	5	1	156	0	0
ARHGAP9	0	16	0	11	0	139	0	0
MARS	0	96	0	23	2	335	0	0
DDIT3	0	0	0	0	0	0	0	0
AC022506.1	0	0	0	0	0	0	0	0
MBD6	0	268	0	4	0	131	0	0
DCTN2	0	2	0	0	0	2	0	0
KIF5A	0	192	0	0	0	119	0	0
PIP4K2C	0	83	0	1	0	24	0	0
DTX3	0	0	0	0	0	0	0	0
ARHGEF25	0	37	0	1091	0	70	0	0
SLC26A10	0	148	1	173	0	202	0	0
B4GALNT1	0	21	0	148	0	143	0	0
OS9	0	121	0	5	0	48	0	0
AGAP2	1	180	0	1	0	152	0	0
TSPAN31	1	73	0	1	0	15	0	0
CDK4	0	8	0	0	0	26	0	0
MARCH9	0	0	0	0	0	0	0	0
CYP27B1	0	17	0	2	0	50	0	0
METTL1	0	0	0	0	0	0	0	0
EEF1AKMT3	0	4	0	6	0	74	0	0
AC025165.3	0	4	0	6	0	74	0	0
TSFM	1	47	0	8	0	62	0	0
AVIL	1	119	0	13	0	183	0	0
CTDSP2	0	0	0	0	0	2	0	0
ATP23	0	82	0	1	0	117	0	0
LRIG3	0	213	0	2	0	124	0	0
SLC16A7	0	40	0	6	1	193	0	0
FAM19A2	0	7	0	1	0	31	0	0
USP15	0	177	0	1	0	38	0	0
MON2	0	152	0	1	0	166	0	0
PPM1H	0	30	0	0	1	64	0	0
AVPR1A	0	27	0	4	0	39	0	0
DPY19L2	0	21	0	10	0	17	0	0
RXYLT1	0	83	0	4	0	33	0	0
SRGAP1	0	55	0	5	1	244	0	0
C12orf66	0	20	0	1	0	14	0	0
C12orf56	0	128	0	28	0	33	0	0
XPOT	0	34	0	2	0	142	0	0
TBK1	0	92	0	2	0	46	0	0
RASSF3	0	6	0	0	0	3	0	0
GNS	0	24	0	3	0	31	0	0
TBC1D30	0	30	0	2	0	163	0	0
WIF1	0	60	0	2	0	35	0	0
LEMD3	0	99	0	16	0	96	0	0
MSRB3	0	9	0	1	0	2	0	0
HMGA2	0	95	0	0	0	1	0	0
LLPH	0	73	0	38	0	38	0	0
AC078927.1	0	100	0	47	0	84	0	0
TMBIM4	0	27	0	9	0	47	0	0
IRAK3	2	89	0	33	0	89	0	0
HELB	0	169	0	17	0	114	0	0
GRIP1	1	81	0	3	1	329	0	0
CAND1	0	14	0	0	0	5	0	0
DYRK2	0	9	0	0	0	9	0	0
IFNG	0	8	0	0	0	0	0	0
IL26	0	29	0	0	0	10	0	0
IL22	0	6	0	0	0	9	0	0
MDM1	0	71	0	6	0	86	0	0
RAP1B	0	3	0	1	0	1	0	0
NUP107	0	112	0	7	0	103	0	0
SLC35E3	0	0	0	0	0	0	0	0
MDM2	0	5	0	0	0	29	0	0
CPM	0	22	0	5	0	17	0	0
CPSF6	0	80	0	0	0	23	0	0
LYZ	0	4	0	4	0	2	0	0
YEATS4	0	7	0	2	0	3	0	0
FRS2	0	83	0	0	0	36	0	0
CCT2	0	61	0	0	0	44	0	0
LRRC10	0	34	0	3	1	131	0	0
BEST3	0	215	0	8	0	30	0	0
RAB3IP	0	29	0	4	0	17	0	0
AC025263.2	0	3	0	0	0	2	0	0
MYRFL	0	58	0	6	1	120	0	0
CNOT2	0	14	0	0	0	41	0	0
KCNMB4	0	6	0	0	0	17	0	0
PTPRB	0	284	0	6	2	385	0	0
PTPRR	0	113	0	0	2	213	0	0
TSPAN8	0	11	0	7	0	14	0	0
LGR5	1	219	0	2	2	279	0	0
ZFC3H1	4	341	0	3	0	182	0	0
THAP2	0	7	0	3	0	67	0	0
AC073612.1	0	6	0	8	0	91	0	0
TMEM19	0	7	0	9	0	120	0	0
RAB21	0	22	0	1	0	30	0	0
TBC1D15	0	167	0	2	0	31	0	0
TPH2	0	31	0	3	0	50	0	0
TRHDE	0	85	0	2	0	120	0	0
ATXN7L3B	0	8	0	1	0	8	0	0
KCNC2	0	158	0	3	0	169	0	0
CAPS2	0	52	0	7	0	11	0	0
GLIPR1L1	0	52	0	1	0	11	0	0
GLIPR1L2	0	12	0	22	0	27	0	0
GLIPR1	0	7	0	1	0	46	0	0
KRR1	0	11	0	8	0	21	0	0
PHLDA1	0	17	0	3	0	41	0	0
NAP1L1	0	11	0	3	0	17	0	0
BBS10	0	20	0	2	0	10	0	0
OSBPL8	0	34	0	0	0	48	0	0
ZDHHC17	0	51	0	0	0	42	0	0
CSRP2	0	12	0	1	0	10	0	0
E2F7	1	281	0	1	0	103	0	0
NAV3	0	173	0	15	2	305	0	0
SYT1	0	122	0	1	0	9	0	0
PAWR	0	12	0	0	0	31	0	0
PPP1R12A	0	47	0	8	0	203	0	0
OTOGL	0	291	0	29	2	438	0	0
PTPRQ	0	249	0	14	1	205	0	0
MYF6	0	18	0	2	0	104	0	0
MYF5	0	16	0	0	0	26	0	0
LIN7A	0	1	0	1	0	2	0	0
ACSS3	0	66	0	7	0	98	0	0
PPFIA2	0	68	0	4	1	159	0	0
CCDC59	0	8	0	1	0	14	0	0
METTL25	0	16	0	1	0	51	0	0
TMTC2	0	44	0	1	0	88	0	0
SLC6A15	0	24	0	2	0	122	0	0
TSPAN19	0	1	0	4	0	2	0	0
LRRIQ1	1	116	0	17	0	119	0	0
ALX1	0	25	0	1	0	186	0	0
RASSF9	0	28	0	15	0	79	0	0
NTS	0	5	0	5	0	32	0	0
MGAT4C	0	17	0	1	0	28	0	0
C12orf50	0	47	0	1	0	126	0	0
C12orf29	0	7	0	4	0	17	0	0
CEP290	1	175	0	40	6	610	0	0
TMTC3	0	64	0	3	0	57	0	0
KITLG	0	59	0	1	0	12	0	0
DUSP6	0	20	0	1	0	49	0	0
POC1B	0	27	0	3	0	43	0	0
GALNT4	0	0	0	0	0	0	0	0
POC1B-GALNT4	0	1	0	1	0	5	0	0
ATP2B1	0	62	0	0	0	72	0	0
CCER1	0	111	0	1	0	26	0	0
EPYC	0	15	0	6	0	106	0	0
KERA	0	34	0	1	0	19	0	0
LUM	0	59	0	1	0	78	0	0
DCN	0	111	0	1	0	31	0	0
BTG1	0	6	0	0	0	8	0	0
CLLU1OS	0	0	0	0	0	0	0	0
PLEKHG7	0	57	0	17	0	37	0	0
EEA1	0	37	0	2	1	354	0	0
NUDT4	0	3	0	1	0	3	0	0
UBE2N	0	16	0	0	0	17	0	0
MRPL42	0	9	0	1	0	0	0	0
SOCS2	0	15	0	0	0	10	0	0
CRADD	0	9	0	1	0	52	0	0
PLXNC1	0	152	0	19	0	337	0	0
CEP83	0	16	0	8	0	86	0	0
TMCC3	0	44	0	0	0	180	0	0
NDUFA12	0	36	0	2	0	16	0	0
NR2C1	1	145	0	2	0	98	0	0
FGD6	1	272	0	2	5	282	0	0
VEZT	0	133	0	5	0	66	0	0
METAP2	0	16	0	0	0	20	0	0
USP44	0	26	0	14	0	96	0	0
NTN4	0	67	0	4	1	270	0	0
SNRPF	0	12	0	10	0	30	0	0
CCDC38	0	24	0	12	0	42	0	0
AMDHD1	0	52	0	1	0	80	0	0
HAL	0	39	0	19	3	303	0	0
LTA4H	0	60	0	3	1	176	0	0
ELK3	0	78	0	0	0	151	0	0
CDK17	0	40	0	1	0	36	0	0
CFAP54	0	80	0	12	0	142	0	0
NEDD1	0	15	0	3	0	63	0	0
TMPO	0	23	0	0	0	29	0	0
SLC25A3	0	32	0	2	0	34	0	0
IKBIP	0	17	0	4	0	92	0	0
APAF1	0	15	0	0	0	24	0	0
ANKS1B	0	105	0	14	0	59	0	0
FAM71C	0	67	0	13	0	9	0	0
UHRF1BP1L	3	327	0	7	0	101	0	0
ACTR6	0	38	0	4	0	25	0	0
DEPDC4	0	144	0	6	0	24	0	0
SCYL2	0	57	0	2	0	78	0	0
SLC17A8	1	103	0	2	0	64	0	0
NR1H4	0	58	0	7	0	123	0	0
GAS2L3	0	171	0	4	0	59	0	0
ANO4	0	49	0	1	0	161	0	0
SLC5A8	1	276	0	4	1	152	0	0
UTP20	5	428	0	9	0	383	0	0
ARL1	0	2	0	1	0	5	0	0
SPIC	0	13	0	1	0	34	0	0
MYBPC1	0	92	0	1	0	91	0	0
CHPT1	0	19	0	1	1	136	0	0
SYCP3	0	3	0	1	0	5	0	0
GNPTAB	0	95	0	25	1	162	0	0
DRAM1	0	13	0	0	0	11	0	0
WASHC3	0	16	0	8	0	43	0	0
NUP37	0	10	0	2	0	29	0	0
PARPBP	0	38	0	11	0	97	0	0
PMCH	0	0	0	0	0	0	0	0
IGF1	0	61	0	1	0	27	0	0
PAH	1	162	0	30	2	195	0	0
ASCL1	1	124	0	0	0	7	0	0
C12orf42	0	67	0	13	0	62	0	0
STAB2	4	535	0	28	2	540	0	0
NT5DC3	0	127	0	14	3	168	0	0
HSP90B1	0	157	0	1	0	63	0	0
C12orf73	0	0	1	58	0	8	0	0
TDG	0	75	0	177	0	166	0	0
GLT8D2	0	33	0	4	0	43	0	0
HCFC2	0	62	0	0	0	26	0	0
NFYB	0	137	0	0	0	5	0	0
TXNRD1	0	32	0	2	0	66	0	0
EID3	0	0	0	0	0	0	0	0
CHST11	0	32	0	1	1	139	0	0
SLC41A2	0	16	0	0	0	28	0	0
C12orf45	0	62	0	31	0	127	0	0
ALDH1L2	0	61	0	31	0	126	0	0
WASHC4	0	109	0	3	0	19	0	0
APPL2	0	106	0	19	0	174	0	0
C12orf75	0	8	0	0	0	6	0	0
NUAK1	0	209	0	1	0	97	0	0
CKAP4	1	151	0	2	0	60	0	0
TCP11L2	0	22	0	9	0	89	0	0
POLR3B	0	290	0	5	1	181	0	0
RFX4	0	59	0	0	0	93	0	0
RIC8B	0	139	0	0	0	161	0	0
TMEM263	0	19	0	9	0	46	0	0
MTERF2	0	11	0	9	0	39	0	0
CRY1	0	52	0	3	0	41	0	0
BTBD11	0	354	0	1	0	123	0	0
PWP1	0	51	0	12	0	215	0	0
PRDM4	0	172	0	5	0	95	0	0
ASCL4	0	9	0	1	0	24	0	0
WSCD2	2	254	0	0	0	94	0	0
CMKLR1	0	25	0	0	2	277	0	0
FICD	0	27	0	1	0	19	0	0
SART3	0	97	0	0	0	71	0	0
ISCU	0	13	0	0	0	2	0	0
TMEM119	0	37	0	21	0	37	0	0
SELPLG	0	120	0	2	0	37	0	0
CORO1C	0	70	0	0	0	28	0	0
SSH1	1	163	0	4	0	84	0	0
DAO	1	59	0	2	0	71	0	0
SVOP	0	22	0	0	0	7	0	0
USP30	0	34	0	4	0	44	0	0
ALKBH2	0	0	0	0	0	0	0	0
UNG	0	61	0	3	0	51	0	0
ACACB	1	255	0	20	3	539	0	0
FOXN4	1	100	0	2	0	187	0	0
MYO1H	0	76	0	14	1	241	0	0
KCTD10	0	30	0	0	0	21	0	0
UBE3B	1	182	0	7	0	102	0	0
MMAB	0	0	0	0	0	0	0	0
MVK	0	67	0	0	0	19	0	0
FAM222A	4	465	0	0	0	58	0	0
TRPV4	5	371	0	14	0	1012	0	0
GLTP	0	136	0	2	0	27	0	0
TCHP	0	102	0	35	0	118	0	0
GIT2	0	82	0	1	0	65	0	0
ANKRD13A	0	60	0	2	0	79	0	0
C12orf76	0	43	0	2	0	33	0	0
IFT81	0	21	0	10	1	82	0	0
ATP2A2	0	239	0	0	0	31	0	0
ANAPC7	0	83	0	1	0	30	0	0
ARPC3	0	3	0	0	0	51	0	0
GPN3	0	8	0	2	0	27	0	0
FAM216A	0	3	0	3	0	2	0	0
VPS29	0	8	0	1	0	5	0	0
RAD9B	0	42	0	1	0	2	0	0
PPTC7	1	17	0	2	0	14	0	0
TCTN1	0	40	0	8	0	22	0	0
HVCN1	0	204	0	5	0	46	0	0
PPP1CC	0	155	0	0	0	21	0	0
CCDC63	2	75	0	45	0	44	0	0
MYL2	0	13	0	5	0	22	0	0
CUX2	1	407	0	17	0	273	0	0
PHETA1	0	52	0	0	0	52	0	0
SH2B3	0	48	0	1	1	292	0	0
ATXN2	0	487	0	6	5	315	0	0
BRAP	0	96	0	1	0	27	0	0
ACAD10	0	151	0	24	1	205	0	0
AC002996.1	0	40	0	5	0	49	0	0
ALDH2	0	44	0	3	0	56	0	0
MAPKAPK5	0	0	0	0	0	0	0	0
TMEM116	0	8	0	2	0	34	0	0
ERP29	0	98	0	1	0	20	0	0
NAA25	0	56	0	0	1	135	0	0
TRAFD1	0	24	0	2	0	44	0	0
HECTD4	2	540	0	42	3	398	0	0
RPL6	0	15	0	0	0	32	0	0
PTPN11	0	44	0	0	0	29	0	0
RPH3A	0	165	0	2	0	112	0	0
OAS1	0	32	0	3	0	30	0	0
OAS3	0	153	0	3	0	122	0	0
OAS2	0	345	0	8	0	42	0	0
DTX1	1	211	0	1	0	41	0	0
RASAL1	0	259	0	4	0	165	0	0
CFAP73	0	28	0	2	1	131	0	0
DDX54	1	123	0	11	0	180	0	0
RITA1	0	0	0	0	0	0	0	0
IQCD	0	57	0	2	0	49	0	0
TPCN1	0	211	0	2	1	183	0	0
SLC8B1	0	45	0	14	0	73	0	0
PLBD2	0	69	0	7	0	38	0	0
SDS	0	65	0	3	0	89	0	0
SDSL	1	156	0	165	0	41	0	0
LHX5	0	18	0	0	0	19	0	0
RBM19	0	92	0	10	0	225	0	0
TBX5	0	76	0	0	0	144	0	0
TBX3	1	149	0	0	0	63	0	0
MED13L	3	216	0	1	2	195	0	0
MAP1LC3B2	0	7	0	4	0	11	0	0
C12orf49	0	88	0	3	0	28	0	0
RNFT2	0	89	0	1	0	46	0	0
HRK	0	16	0	0	0	7	0	0
FBXW8	0	58	0	112	0	99	0	0
TESC	0	48	0	0	0	18	0	0
FBXO21	1	120	0	1	0	40	0	0
NOS1	5	505	0	1	5	420	0	0
KSR2	0	281	0	2	1	280	0	0
RFC5	0	76	0	1	0	16	0	0
WSB2	0	56	0	0	0	156	0	0
VSIG10	0	53	0	4	0	210	0	0
PEBP1	0	26	0	9	0	11	0	0
TAOK3	0	44	0	1	1	58	0	0
SUDS3	0	7	0	0	0	4	0	0
SRRM4	0	51	0	2	0	176	0	0
HSPB8	0	31	0	0	0	44	0	0
CCDC60	0	67	0	35	0	70	0	0
TMEM233	0	3	0	1	0	21	0	0
PRKAB1	0	25	0	0	0	68	0	0
CIT	0	226	0	4	1	199	0	0
BICDL1	0	116	0	1	0	58	0	0
RAB35	0	24	0	0	0	6	0	0
GCN1	5	568	0	5	2	315	0	0
RPLP0	0	164	0	0	0	12	0	0
PXN	0	79	0	7	0	109	0	0
SIRT4	0	25	0	4	1	205	0	0
PLA2G1B	0	27	0	5	0	9	0	0
MSI1	0	66	0	0	1	88	0	0
COX6A1	0	6	0	1	0	26	0	0
AL021546.1	0	8	0	1	0	29	0	0
TRIAP1	0	0	0	0	0	0	0	0
GATC	0	3	0	1	0	5	0	0
SRSF9	0	12	0	0	0	11	0	0
DYNLL1	0	8	0	0	0	1	0	0
COQ5	0	36	0	1	0	25	0	0
RNF10	0	48	0	30	0	89	0	0
POP5	0	0	0	0	0	0	0	0
CABP1	0	66	0	15	0	19	0	0
MLEC	0	12	0	0	0	13	0	0
UNC119B	0	248	0	3	0	21	0	0
ACADS	0	175	0	6	0	47	0	0
SPPL3	0	62	0	0	0	29	0	0
HNF1A	0	1139	0	2	0	89	0	0
C12orf43	0	3	0	1	0	5	0	0
OASL	0	73	0	8	0	55	0	0
P2RX7	0	17	0	120	0	32	0	0
P2RX4	0	9	0	1	0	7	0	0
CAMKK2	0	149	0	0	0	62	0	0
ANAPC5	0	121	0	3	0	318	0	0
RNF34	0	16	0	2	0	57	0	0
KDM2B	1	136	0	4	0	118	0	0
ORAI1	0	0	0	0	0	0	0	0
MORN3	0	27	0	5	0	31	0	0
TMEM120B	0	35	0	2	0	37	0	0
RHOF	0	12	0	3	0	25	0	0
SETD1B	0	359	0	4	3	387	0	0
HPD	0	42	0	0	0	58	0	0
PSMD9	0	31	0	2	0	78	0	0
AC069503.2	0	31	0	2	0	78	0	0
WDR66	0	137	0	7	0	98	0	0
BCL7A	0	38	0	0	0	13	0	0
MLXIP	1	232	0	2	0	64	0	0
LRRC43	1	815	0	24	0	125	0	0
IL31	0	714	0	4	0	1	0	0
B3GNT4	0	0	0	0	0	0	0	0
DIABLO	0	7	0	1	0	42	0	0
AC048338.1	0	176	0	2	0	119	0	0
VPS33A	0	169	0	1	0	77	0	0
CLIP1	0	65	0	10	0	94	0	0
ZCCHC8	0	30	0	0	0	94	0	0
RSRC2	0	26	0	0	0	30	0	0
KNTC1	0	102	0	18	0	212	0	0
HCAR2	0	43	0	0	0	38	0	0
HCAR3	0	109	0	13	0	40	0	0
HCAR1	0	31	0	0	0	48	0	0
DENR	0	10	0	0	0	37	0	0
CCDC62	0	136	0	8	1	148	0	0
HIP1R	0	156	0	6	0	235	0	0
VPS37B	0	3	0	0	0	24	0	0
ABCB9	0	115	0	16	1	209	0	0
OGFOD2	0	44	0	5	0	83	0	0
ARL6IP4	0	0	0	0	0	0	0	0
PITPNM2	1	1216	0	1	1	280	0	0
MPHOSPH9	0	22	0	4	0	127	0	0
C12orf65	0	9	0	6	0	10	0	0
CDK2AP1	0	33	0	0	0	5	0	0
SBNO1	1	79	0	0	0	263	0	0
KMT5A	0	36	0	0	0	72	0	0
RILPL2	0	156	0	3	0	11	0	0
SNRNP35	0	138	0	7	0	29	0	0
RILPL1	0	41	0	0	0	4	0	0
TMED2	0	40	0	13	0	16	0	0
DDX55	0	55	0	15	1	141	0	0
EIF2B1	0	18	0	1	0	1	0	0
GTF2H3	0	11	0	4	0	18	0	0
TCTN2	0	153	0	6	0	40	0	0
ATP6V0A2	0	95	0	2	0	215	0	0
DNAH10	12	807	0	38	22	1147	0	0
CCDC92	0	49	0	1	3	241	0	0
ZNF664	0	103	0	1	0	126	0	0
RFLNA	1	111	0	1	0	154	0	0
AC068790.8	0	103	0	1	0	126	0	0
NCOR2	13	941	0	42	5	704	0	0
SCARB1	3	214	0	1	1	59	0	0
UBC	5	309	0	9	0	11	0	0
DHX37	0	161	0	50	1	259	0	0
BRI3BP	0	17	0	0	0	26	0	0
AACS	0	111	0	2	0	93	0	0
TMEM132B	1	173	0	1	1	219	0	0
TMEM132C	1	210	0	5	3	313	0	0
SLC15A4	0	54	0	3	0	136	0	0
GLT1D1	0	44	0	3	0	22	0	0
TMEM132D	3	360	0	1	0	110	0	0
FZD10	1	78	0	1	0	56	0	0
PIWIL1	0	93	0	6	0	42	0	0
RIMBP2	1	372	0	0	1	314	0	0
STX2	0	6	0	2	0	196	0	0
RAN	0	38	0	0	0	2	0	0
ADGRD1	0	228	0	2	0	157	0	0
SFSWAP	0	297	0	0	0	86	0	0
MMP17	6	349	0	3	1	382	0	0
ULK1	1	404	0	2	1	300	0	0
PUS1	0	193	0	3	1	85	0	0
EP400	8	781	0	4	10	694	0	0
DDX51	0	0	0	1	0	0	0	0
NOC4L	1	200	0	0	0	96	0	0
GALNT9	1	159	0	2	0	112	0	0
FBRSL1	2	360	0	8	1	339	0	0
LRCOL1	0	58	0	4	0	4	0	0
P2RX2	0	0	0	0	0	0	0	0
POLE	2	253	0	21	10	688	0	0
PXMP2	0	93	0	49	0	97	0	0
PGAM5	0	37	0	1	0	19	0	0
ANKLE2	1	135	0	4	0	79	0	0
GOLGA3	1	316	0	279	0	442	0	0
CHFR	0	68	0	5	0	33	0	0
ZNF605	0	0	0	0	0	0	0	0
ZNF26	0	621	0	2	0	25	0	0
ZNF84	0	79	0	0	0	36	0	0
ZNF140	0	2	0	6	0	5	0	0
ZNF891	0	5	0	0	0	7	0	0
ZNF10	0	119	0	5	0	32	0	0
AC026786.1	0	136	0	8	0	35	0	0
ZNF268	2	147	0	71	1	77	0	0
ANHX	0	38	0	3	0	51	0	0
