#Gene	syn.obs	syn.haps	lgd.obs	lgd.haps	dmis.obs	dmis.haps	lgd/dmis.obs	lgd/dmis.haps
OR4F17	0	0	0	0	0	0	0	0
PLPP2	0	38	0	5	0	233	0	0
MIER2	2	306	0	7	0	132	0	0
THEG	0	83	0	12	0	52	0	0
C2CD4C	0	94	0	4	4	363	0	0
SHC2	1	179	0	2	0	115	0	0
ODF3L2	0	11	0	1	0	54	0	0
MADCAM1	0	1139	0	6	0	25	0	0
TPGS1	0	20	0	2	0	97	0	0
CDC34	0	91	0	1	0	20	0	0
GZMM	0	27	0	63	0	44	0	0
BSG	0	75	0	7	0	32	0	0
HCN2	0	151	0	6	1	291	0	0
POLRMT	2	334	0	0	0	21	0	0
FGF22	0	28	0	10	0	134	0	0
RNF126	1	174	0	0	0	55	0	0
FSTL3	0	46	0	0	0	16	0	0
PRSS57	0	35	0	2	0	22	0	0
PALM	0	23	0	0	0	24	0	0
MISP	0	182	0	22	0	940	0	0
PTBP1	3	296	0	0	0	52	0	0
PLPPR3	0	40	0	0	0	5	0	0
AZU1	0	58	0	7	0	78	0	0
PRTN3	0	42	0	9	0	8	0	0
ELANE	0	19	0	3	0	7	0	0
CFD	0	17	0	1	0	9	0	0
MED16	0	33	0	5	0	20	0	0
R3HDM4	0	67	0	1	0	28	0	0
KISS1R	0	50	0	10	0	17	0	0
ARID3A	3	286	0	0	0	51	0	0
WDR18	0	57	0	1	0	70	0	0
GRIN3B	2	432	0	45	2	312	0	0
TMEM259	0	7	0	0	0	3	0	0
CNN2	0	10	0	0	0	12	0	0
ABCA7	1	289	0	101	1	606	0	0
ARHGAP45	0	140	0	1	0	55	0	0
POLR2E	0	28	0	2	0	62	0	0
GPX4	0	14	0	0	0	64	0	0
SBNO2	2	227	0	5	0	191	0	0
STK11	1	98	0	0	0	35	0	0
CBARP	0	0	0	0	0	0	0	0
ATP5F1D	0	47	0	2	1	29	0	0
MIDN	0	199	0	1	0	103	0	0
CIRBP	0	57	0	0	0	12	0	0
C19orf24	0	0	0	0	0	0	0	0
EFNA2	0	26	0	0	0	15	0	0
MUM1	0	74	0	3	0	40	0	0
NDUFS7	0	65	0	0	0	12	0	0
GAMT	0	5	0	0	0	86	0	0
DAZAP1	0	77	0	1	0	15	0	0
RPS15	0	0	0	0	0	0	0	0
APC2	3	416	0	5	2	290	0	0
C19orf25	2	334	0	3	1	162	0	0
PCSK4	0	49	0	8	0	163	0	0
REEP6	0	14	0	0	0	30	0	0
ADAMTSL5	0	162	0	8	2	417	0	0
PLK5	1	57	0	7	2	147	0	0
MEX3D	2	234	0	0	0	58	0	0
MBD3	0	80	0	0	0	16	0	0
AC005943.1	0	92	0	2	0	19	0	0
UQCR11	0	13	0	2	0	3	0	0
TCF3	4	412	0	1	1	264	0	0
ONECUT3	0	77	0	3	1	156	0	0
ATP8B3	5	344	1	76	0	219	0	0
REXO1	0	532	0	0	4	315	0	0
KLF16	0	30	0	0	0	9	0	0
ABHD17A	0	177	0	0	0	40	0	0
SCAMP4	0	72	0	2	0	28	0	0
ADAT3	0	0	0	0	0	0	0	0
CSNK1G2	0	120	0	53	1	124	0	0
BTBD2	1	1295	0	3	0	144	0	0
MKNK2	0	96	0	13	0	57	0	0
MOB3A	0	35	0	2	1	249	0	0
IZUMO4	0	0	0	0	0	0	0	0
AP3D1	0	178	0	2	0	229	0	0
DOT1L	4	447	0	0	0	94	0	0
PLEKHJ1	0	0	0	0	0	0	0	0
SF3A2	0	82	0	4	0	29	0	0
AMH	0	0	0	0	0	0	0	0
JSRP1	0	0	0	0	0	0	0	0
OAZ1	0	0	0	0	0	0	0	0
AC005258.1	2	198	0	2	1	374	0	0
PEAK3	0	32	0	2	0	136	0	0
LINGO3	0	123	0	0	0	236	0	0
LSM7	0	45	0	0	0	4	0	0
SPPL2B	0	0	0	1	0	0	0	0
TMPRSS9	0	105	0	30	0	227	0	0
TIMM13	0	1	0	1	0	6	0	0
LMNB2	0	67	0	1	0	50	0	0
GADD45B	0	7	0	2	0	6	0	0
GNG7	0	3	0	0	0	3	0	0
DIRAS1	0	28	0	0	0	16	0	0
AC006538.2	0	36	0	0	0	115	0	0
SLC39A3	0	36	0	0	0	114	0	0
SGTA	0	227	0	0	0	55	0	0
THOP1	0	210	0	1	0	101	0	0
ZNF554	0	93	0	11	0	38	0	0
ZNF555	1	170	0	13	0	18	0	0
ZNF556	2	190	1	100	0	79	0	0
ZNF57	0	99	0	64	0	21	0	0
ZNF77	0	82	0	14	0	89	0	0
TLE6	0	152	0	14	0	35	0	0
TLE2	0	199	0	14	2	240	0	0
AES	0	78	0	1	0	7	0	0
GNA11	1	113	0	0	0	8	0	0
GNA15	0	30	0	0	0	30	0	0
S1PR4	1	262	0	0	0	186	0	0
NCLN	0	167	0	2	0	80	0	0
CELF5	0	44	0	0	0	23	0	0
NFIC	0	98	0	0	0	95	0	0
SMIM24	0	5	0	1	0	11	0	0
AC005551.1	0	0	0	0	0	0	0	0
DOHH	0	54	0	19	0	39	0	0
FZR1	0	35	0	0	0	32	0	0
MFSD12	0	54	0	128	0	155	0	0
C19orf71	0	30	0	122	0	104	0	0
HMG20B	0	12	0	2	0	79	0	0
GIPC3	0	37	0	5	0	79	0	0
TBXA2R	0	18	0	3	0	39	0	0
CACTIN	0	250	0	2	0	29	0	0
PIP5K1C	0	140	0	1	1	78	0	0
TJP3	2	153	0	3	1	329	0	0
APBA3	2	297	0	5	0	144	0	0
MRPL54	0	2	0	1	0	7	0	0
RAX2	0	0	0	0	0	0	0	0
MATK	0	93	0	2	0	46	0	0
ZFR2	0	147	0	26	0	125	0	0
ATCAY	0	82	0	0	0	39	0	0
NMRK2	1	154	0	7	0	27	0	0
DAPK3	1	105	0	3	0	53	0	0
EEF2	0	248	0	0	0	45	0	0
PIAS4	0	402	0	1	0	88	0	0
ZBTB7A	1	289	0	0	0	48	0	0
MAP2K2	1	168	0	2	0	40	0	0
CREB3L3	0	206	0	11	0	54	0	0
SIRT6	0	72	0	0	0	7	0	0
ANKRD24	2	330	0	9	1	166	0	0
EBI3	0	28	0	1	0	12	0	0
YJU2	0	43	0	2	0	123	0	0
SHD	0	48	0	3	0	137	0	0
TMIGD2	1	148	0	1	0	10	0	0
FSD1	0	264	0	0	1	51	0	0
STAP2	0	5	0	0	0	956	0	0
MPND	0	91	0	5	0	129	0	0
SH3GL1	0	14	0	1	0	3	0	0
CHAF1A	1	177	0	1	0	56	0	0
UBXN6	0	36	0	1	0	13	0	0
HDGFL2	0	8	0	0	0	5	0	0
PLIN4	4	1349	0	51	2	143	0	0
PLIN5	0	136	0	7	0	181	0	0
AC011498.4	1	279	0	4	0	77	0	0
LRG1	1	269	0	4	0	52	0	0
SEMA6B	0	163	0	1	0	115	0	0
TNFAIP8L1	0	53	0	3	0	16	0	0
MYDGF	0	68	0	8	0	31	0	0
DPP9	3	177	0	2	3	248	0	0
FEM1A	0	159	0	2	0	29	0	0
TICAM1	0	57	0	3	0	99	0	0
PLIN3	0	117	0	4	0	132	0	0
ARRDC5	0	38	0	3	0	37	0	0
UHRF1	1	144	0	0	0	23	0	0
KDM4B	1	322	0	3	0	88	0	0
PTPRS	2	440	0	2	1	262	0	0
ZNRF4	0	140	0	1	0	38	0	0
TINCR	0	0	0	0	0	0	0	0
SAFB2	0	166	0	15	0	148	0	0
SAFB	2	210	0	0	0	67	0	0
RPL36	0	46	0	11	0	36	0	0
C19orf70	0	0	0	0	0	0	0	0
HSD11B1L	0	46	0	11	0	36	0	0
LONP1	0	97	0	0	1	187	0	0
CATSPERD	0	51	0	11	0	53	0	0
PRR22	0	0	0	0	0	0	0	0
AC011499.1	0	8	0	1	0	8	0	0
DUS3L	0	158	0	7	0	61	0	0
NRTN	0	10	0	0	0	7	0	0
FUT6	0	211	0	118	0	19	0	0
FUT3	0	3	0	0	0	0	0	0
FUT5	1	203	0	6	0	49	0	0
AC024592.3	1	212	0	9	0	82	0	0
NDUFA11	0	12	0	3	0	33	0	0
AC104532.1	0	9	0	0	0	67	0	0
VMAC	0	9	0	0	0	67	0	0
CAPS	0	0	0	0	0	0	0	0
RANBP3	1	201	0	1	0	32	0	0
RFX2	0	112	0	13	2	180	0	0
ACSBG2	0	6	0	5	0	16	0	0
MLLT1	0	207	0	0	0	66	0	0
ACER1	0	14	0	2	0	65	0	0
CLPP	0	16	0	1	0	13	0	0
ALKBH7	0	0	0	0	0	0	0	0
PSPN	0	47	0	1	0	38	0	0
GTF2F1	0	67	0	102	0	76	0	0
KHSRP	0	211	0	0	0	21	0	0
SLC25A41	0	23	0	11	1	201	0	0
SLC25A23	0	184	0	3	0	49	0	0
CRB3	0	0	0	0	0	18	0	0
DENND1C	0	50	0	7	0	33	0	0
TUBB4A	0	238	0	0	0	12	0	0
TNFSF9	0	26	0	0	0	91	0	0
CD70	0	11	0	1	0	10	0	0
TNFSF14	0	47	0	0	0	16	0	0
C3	1	365	0	4	0	158	0	0
GPR108	1	89	0	8	0	262	0	0
TRIP10	0	43	0	2	0	81	0	0
SH2D3A	0	51	0	13	1	124	0	0
VAV1	0	144	0	1	0	51	0	0
ADGRE1	2	221	0	36	0	130	0	0
MBD3L2B	0	0	0	0	0	0	0	0
MBD3L5	0	0	0	0	0	0	0	0
MBD3L4	0	0	0	0	0	0	0	0
MBD3L2	0	0	0	0	0	0	0	0
MBD3L3	0	0	0	0	0	0	0	0
ZNF557	0	87	0	4	0	30	0	0
INSR	0	285	0	5	0	226	0	0
AC119396.1	0	119	0	8	0	83	0	0
AC008878.3	0	364	0	4	1	225	0	0
ARHGEF18	0	273	0	1	1	203	0	0
PEX11G	0	16	0	5	0	38	0	0
TEX45	0	49	0	6	0	24	0	0
AC008878.1	0	40	0	2	0	2	0	0
ZNF358	0	0	0	0	0	0	0	0
MCOLN1	0	34	0	2	0	47	0	0
AC008878.2	1	119	0	2	0	11	0	0
PNPLA6	4	250	0	17	2	236	0	0
CAMSAP3	2	248	0	4	0	132	0	0
XAB2	0	64	0	0	0	92	0	0
PET100	0	1	0	2	0	51	0	0
AC008763.2	0	33	0	5	0	103	0	0
PCP2	0	1	0	2	0	51	0	0
STXBP2	0	108	0	11	0	138	0	0
RETN	0	4	0	1	0	21	0	0
MCEMP1	0	0	0	0	0	0	0	0
AC008763.3	0	16	0	0	0	16	0	0
TRAPPC5	0	16	0	0	0	16	0	0
FCER2	0	13	0	7	0	29	0	0
CLEC4G	1	159	0	1	0	26	0	0
CD209	2	62	0	1	0	11	0	0
CLEC4M	0	21	0	90	0	7	0	0
EVI5L	0	88	0	0	0	66	0	0
PRR36	0	0	0	0	0	0	0	0
LRRC8E	2	314	0	13	0	311	0	0
MAP2K7	1	189	0	1	0	47	0	0
TGFBR3L	0	0	0	0	0	0	0	0
SNAPC2	0	27	0	5	0	24	0	0
CTXN1	0	0	0	0	0	0	0	0
TIMM44	0	199	0	1	0	110	0	0
ELAVL1	0	114	0	0	0	7	0	0
CCL25	0	28	0	10	0	4	0	0
FBN3	10	814	0	28	21	1126	0	0
CERS4	0	43	0	11	0	39	0	0
CD320	0	27	0	0	0	10	0	0
AC010323.1	0	11	0	2	0	19	0	0
NDUFA7	0	11	0	2	0	19	0	0
RPS28	0	1	0	1	0	1	0	0
KANK3	1	43	0	4	0	78	0	0
ANGPTL4	0	55	0	8	0	134	0	0
RAB11B	0	119	0	0	0	15	0	0
MARCH2	0	15	0	2	0	35	0	0
HNRNPM	0	103	0	0	0	59	0	0
PRAM1	0	96	0	2	0	121	0	0
ZNF414	0	17	0	1	0	24	0	0
MYO1F	1	271	0	38	0	186	0	0
ADAMTS10	0	245	0	22	0	229	0	0
ACTL9	0	26	0	3	0	34	0	0
OR2Z1	0	10	0	7	0	20	0	0
ZNF558	1	152	0	3	1	41	0	0
MBD3L1	0	15	0	0	0	5	0	0
MUC16	57	2754	0	80	11	772	0	0
OR1M1	0	22	0	2	0	125	0	0
OR7G2	0	9	0	0	0	36	0	0
OR7G1	0	13	0	14	0	21	0	0
OR7G3	0	92	0	28	0	55	0	0
ZNF317	0	48	0	4	1	175	0	0
OR7D2	0	17	0	0	0	94	0	0
OR7D4	0	46	0	2	0	65	0	0
OR7E24	0	77	0	104	0	147	0	0
ZNF699	0	41	0	5	0	35	0	0
ZNF559	0	2	0	3	0	5	0	0
ZNF559-ZNF177	0	17	0	7	0	44	0	0
ZNF177	0	15	0	4	0	39	0	0
ZNF266	0	51	0	11	0	22	0	0
ZNF560	0	35	0	17	0	38	0	0
ZNF426	0	145	0	9	0	8	0	0
ZNF121	0	26	0	3	0	6	0	0
ZNF561	0	138	0	8	0	112	0	0
ZNF562	0	18	0	1	0	30	0	0
ZNF846	0	59	1	30	0	187	0	0
FBXL12	0	15	0	4	0	205	0	0
UBL5	0	4	0	1	0	8	0	0
PIN1	0	99	0	0	0	41	0	0
OLFM2	0	40	0	0	0	32	0	0
COL5A3	0	224	0	12	3	242	0	0
RDH8	0	4	0	0	0	3	0	0
C19orf66	0	3	0	0	0	24	0	0
ANGPTL6	0	21	0	17	0	134	0	0
PPAN-P2RY11	0	90	0	8	0	78	0	0
PPAN	0	90	0	8	0	78	0	0
P2RY11	0	0	0	0	0	0	0	0
EIF3G	1	217	0	0	0	6	0	0
DNMT1	1	248	0	0	0	58	0	0
S1PR2	0	0	0	0	0	0	0	0
MRPL4	0	44	0	3	1	136	0	0
ICAM1	0	55	0	2	0	87	0	0
ICAM4	0	0	0	0	0	0	0	0
ICAM5	0	121	0	3	0	35	0	0
ZGLP1	0	0	0	0	0	0	0	0
AC011511.1	0	0	0	0	0	0	0	0
FDX2	0	0	0	0	0	0	0	0
AC011511.4	0	35	0	0	0	76	0	0
RAVER1	0	135	0	2	0	126	0	0
ICAM3	0	60	0	4	0	31	0	0
TYK2	0	104	0	9	3	285	0	0
CDC37	0	163	0	0	0	34	0	0
PDE4A	3	309	0	1	0	77	0	0
KEAP1	1	291	0	3	0	80	0	0
S1PR5	0	194	0	1	0	50	0	0
ATG4D	0	34	0	4	1	135	0	0
KRI1	0	28	0	3	0	84	0	0
CDKN2D	0	0	0	0	0	0	0	0
AP1M2	0	26	0	20	0	64	0	0
SLC44A2	0	44	0	2	1	317	0	0
ILF3	0	131	0	2	0	35	0	0
QTRT1	0	33	0	7	0	57	0	0
DNM2	0	110	0	1	0	45	0	0
TMED1	0	16	0	3	0	24	0	0
C19orf38	0	24	0	0	0	8	0	0
CARM1	0	23	0	0	0	12	0	0
YIPF2	0	147	0	5	0	30	0	0
TIMM29	0	0	0	0	0	0	0	0
SMARCA4	1	380	0	20	0	69	0	0
LDLR	1	131	0	4	0	77	0	0
SPC24	0	5	0	0	0	10	0	0
KANK2	5	284	0	0	1	377	0	0
DOCK6	5	388	0	40	0	410	0	0
ANGPTL8	0	12	0	18	0	19	0	0
TSPAN16	0	74	0	1	1	145	0	0
RAB3D	0	72	0	4	0	70	0	0
TMEM205	0	1	0	2	0	2	0	0
CCDC159	0	1	0	2	0	2	0	0
PLPPR2	0	15	0	1	0	71	0	0
SWSAP1	0	0	0	0	0	0	0	0
EPOR	0	62	0	3	2	222	0	0
RGL3	0	30	0	26	0	117	0	0
CCDC151	0	32	0	5	0	206	0	0
PRKCSH	0	5	0	0	0	23	0	0
ELAVL3	0	37	0	2	0	42	0	0
AC008481.3	0	204	0	4	1	179	0	0
ZNF653	0	189	0	2	1	157	0	0
ECSIT	0	20	0	2	0	44	0	0
CNN1	0	18	0	1	0	19	0	0
ELOF1	0	10	0	5	0	7	0	0
ZNF627	0	105	0	6	1	150	0	0
ACP5	0	64	0	1	1	123	0	0
ZNF823	0	122	0	3	0	19	0	0
ZNF441	0	125	0	4	1	38	0	0
ZNF491	0	15	0	48	0	26	0	0
ZNF440	0	35	0	81	0	30	0	0
ZNF439	0	27	0	56	0	17	0	0
ZNF69	0	3	0	4	0	0	0	0
ZNF700	0	97	0	20	0	19	0	0
AC008770.2	0	246	0	49	0	28	0	0
ZNF763	0	162	0	30	0	9	0	0
ZNF433	0	64	0	34	0	35	0	0
AC008770.1	0	4	0	0	0	0	0	0
ZNF878	0	0	0	0	0	0	0	0
ZNF844	0	28	0	89	0	16	0	0
ZNF20	0	62	0	0	0	153	0	0
ZNF625-ZNF20	0	62	0	0	0	156	0	0
ZNF625	0	0	0	0	0	3	0	0
ZNF136	0	89	0	6	0	18	0	0
ZNF44	0	1	0	1	0	0	0	0
ZNF563	0	64	0	3	0	12	0	0
ZNF442	0	157	0	32	0	117	0	0
AC008758.4	0	119	0	7	0	94	0	0
ZNF799	0	119	0	7	0	94	0	0
AC008758.5	0	37	0	12	0	43	0	0
ZNF443	0	34	0	11	0	42	0	0
AC008758.6	0	41	0	6	0	23	0	0
ZNF709	0	40	0	6	0	21	0	0
AC008758.1	0	60	0	15	0	40	0	0
ZNF564	0	20	0	9	0	19	0	0
AC010422.6	0	119	0	10	0	27	0	0
ZNF490	1	277	0	5	0	24	0	0
ZNF791	0	166	0	3	0	11	0	0
AC010422.3	0	76	0	0	0	14	0	0
MAN2B1	5	434	0	3	1	245	0	0
AC010422.5	0	10	0	3	0	8	0	0
WDR83	0	0	0	0	0	0	0	0
WDR83OS	0	0	0	0	0	0	0	0
AC010422.8	0	81	0	13	0	40	0	0
DHPS	0	81	0	13	0	40	0	0
GNG14	0	0	0	0	0	0	0	0
FBXW9	0	138	0	2	0	66	0	0
TNPO2	1	181	0	0	0	16	0	0
TRIR	0	16	0	0	0	16	0	0
ASNA1	0	21	0	0	0	9	0	0
BEST2	0	383	0	4	0	99	0	0
HOOK2	4	345	0	13	1	185	0	0
JUNB	0	0	0	0	0	0	0	0
PRDX2	0	14	0	1	0	11	0	0
THSD8	0	23	0	1	0	23	0	0
RNASEH2A	0	23	0	1	0	23	0	0
RTBDN	0	13	0	3	0	14	0	0
MAST1	2	206	0	2	0	34	0	0
DNASE2	0	20	0	1	0	12	0	0
KLF1	0	0	0	0	0	0	0	0
GCDH	0	95	0	4	0	39	0	0
SYCE2	0	15	0	0	0	1	0	0
FARSA	0	72	0	3	0	163	0	0
CALR	0	43	0	0	0	84	0	0
RAD23A	0	8	0	1	0	2	0	0
GADD45GIP1	0	0	0	0	0	0	0	0
DAND5	0	7	0	4	0	12	0	0
NFIX	0	79	0	0	0	9	0	0
LYL1	0	5	0	0	0	6	0	0
TRMT1	0	121	0	11	0	104	0	0
NACC1	0	132	0	0	0	11	0	0
STX10	0	9	0	2	0	16	0	0
IER2	0	0	0	0	0	0	0	0
CACNA1A	2	431	0	2	2	404	0	0
CCDC130	1	18	0	0	1	50	0	0
MRI1	0	31	0	17	1	200	0	0
C19orf53	0	4	0	0	0	13	0	0
ZSWIM4	1	221	0	3	1	179	0	0
NANOS3	0	33	0	0	0	8	0	0
C19orf57	0	64	0	5	0	3	0	0
CC2D1A	0	101	0	5	1	266	0	0
PODNL1	4	200	0	13	1	131	0	0
DCAF15	0	69	0	0	0	28	0	0
RFX1	3	299	0	0	1	353	0	0
RLN3	0	0	0	0	0	0	0	0
IL27RA	0	64	0	9	0	15	0	0
PALM3	0	0	0	0	0	0	0	0
MISP3	0	0	0	0	0	0	0	0
C19orf67	0	89	0	24	0	1	0	0
SAMD1	0	16	0	0	0	5	0	0
PRKACA	0	98	0	0	0	20	0	0
ASF1B	0	12	0	1	0	13	0	0
ADGRL1	0	211	0	4	0	365	0	0
ADGRE5	0	87	0	1	0	15	0	0
DDX39A	0	47	0	4	0	22	0	0
PKN1	1	312	0	8	0	99	0	0
PTGER1	0	0	0	0	0	0	0	0
GIPC1	1	83	0	0	0	14	0	0
DNAJB1	1	175	0	1	0	43	0	0
TECR	0	121	0	0	0	8	0	0
NDUFB7	0	38	0	1	0	27	0	0
CLEC17A	0	13	0	2	0	1	0	0
ADGRE3	0	45	0	1094	0	75	0	0
ZNF333	0	80	0	19	0	56	0	0
ADGRE2	0	77	0	89	0	38	0	0
OR7C1	0	70	0	15	0	176	0	0
OR7A5	0	56	0	4	0	150	0	0
OR7A10	0	82	0	3	0	130	0	0
OR7A17	0	19	0	1	0	57	0	0
OR7C2	0	23	0	5	0	96	0	0
SLC1A6	0	170	0	88	0	183	0	0
CCDC105	0	111	0	88	0	138	0	0
CASP14	2	141	0	3	0	47	0	0
OR1I1	0	159	0	4	0	19	0	0
SYDE1	0	32	0	1	0	23	0	0
ILVBL	0	152	0	3	1	113	0	0
NOTCH3	5	544	0	2	2	496	0	0
EPHX3	0	16	0	7	0	65	0	0
BRD4	1	514	0	1	1	302	0	0
AKAP8	3	237	0	2	5	472	0	0
AKAP8L	0	60	0	0	0	81	0	0
WIZ	0	229	0	1	1	111	0	0
RASAL3	0	88	0	60	0	196	0	0
PGLYRP2	0	153	0	0	0	126	0	0
CYP4F22	0	33	0	5	0	77	0	0
CYP4F8	0	18	0	0	0	5	0	0
CYP4F3	0	41	0	14	1	290	0	0
CYP4F12	0	39	0	6	0	89	0	0
OR10H2	0	47	0	8	0	42	0	0
OR10H3	0	131	0	1	0	85	0	0
OR10H5	0	73	0	1	0	16	0	0
OR10H1	0	746	0	5	0	74	0	0
CYP4F2	0	48	0	9	1	169	0	0
CYP4F11	0	86	0	13	0	128	0	0
OR10H4	0	37	0	2	0	73	0	0
TPM4	0	28	0	42	0	56	0	0
RAB8A	0	10	0	0	0	12	0	0
HSH2D	0	0	0	0	0	0	0	0
CIB3	0	92	0	8	0	316	0	0
FAM32A	0	5	0	0	0	14	0	0
AP1M1	1	173	0	1	0	28	0	0
KLF2	0	25	0	0	0	28	0	0
EPS15L1	0	118	0	4	0	88	0	0
CALR3	0	18	0	1	0	32	0	0
AC008764.1	1	346	0	35	1	249	0	0
C19orf44	0	102	0	22	0	47	0	0
CHERP	0	104	0	1	0	77	0	0
SLC35E1	0	1	0	0	0	1	0	0
MED26	0	153	0	11	1	115	0	0
AC008764.4	0	63	0	12	0	13	0	0
SMIM7	0	2	0	1	0	13	0	0
TMEM38A	0	96	0	2	0	47	0	0
NWD1	0	152	0	25	1	436	0	0
SIN3B	1	247	0	3	0	88	0	0
F2RL3	0	140	0	2	0	71	0	0
CPAMD8	0	153	0	12	0	114	0	0
HAUS8	0	150	0	8	0	27	0	0
MYO9B	1	233	0	2	1	317	0	0
USE1	0	21	0	2	0	24	0	0
OCEL1	0	28	0	4	0	74	0	0
NR2F6	0	43	0	0	0	33	0	0
AC010646.1	0	152	0	3	0	31	0	0
USHBP1	2	372	0	10	0	75	0	0
BABAM1	1	106	0	0	0	29	0	0
AC010463.1	1	106	0	0	0	29	0	0
ANKLE1	0	21	0	1	2	239	0	0
ABHD8	0	38	0	2	0	90	0	0
MRPL34	0	38	0	2	0	90	0	0
DDA1	0	9	0	0	0	6	0	0
ANO8	1	146	0	9	0	173	0	0
GTPBP3	0	10	0	0	0	5	0	0
PLVAP	1	77	0	1	0	165	0	0
CCDC194	0	0	0	0	0	0	0	0
BST2	0	7	0	0	0	6	0	0
MVB12A	0	13	0	2	0	91	0	0
TMEM221	1	82	0	4	0	138	0	0
AC010319.2	3	164	0	113	2	308	0	0
NXNL1	2	103	0	109	2	230	0	0
SLC27A1	0	68	0	3	0	54	0	0
PGLS	0	55	0	5	0	135	0	0
FAM129C	0	114	0	15	2	152	0	0
COLGALT1	0	114	0	1	0	88	0	0
UNC13A	3	361	0	4	2	267	0	0
MAP1S	0	410	0	2	1	227	0	0
FCHO1	0	113	0	1	4	334	0	0
B3GNT3	0	56	0	1	0	2	0	0
INSL3	0	6	0	4	1	40	0	0
JAK3	2	299	0	3	0	109	0	0
RPL18A	0	14	0	0	0	21	0	0
SLC5A5	0	152	0	2	0	40	0	0
CCDC124	0	20	0	0	0	34	0	0
KCNN1	2	289	0	1	0	31	0	0
ARRDC2	0	121	0	3	1	122	0	0
IL12RB1	0	163	0	6	0	74	0	0
MAST3	0	118	0	2	1	166	0	0
PIK3R2	0	89	0	3	0	130	0	0
AC007192.1	0	149	0	6	0	134	0	0
IFI30	0	60	0	3	0	4	0	0
MPV17L2	0	0	0	0	0	0	0	0
RAB3A	1	76	0	0	0	17	0	0
AC008397.2	0	124	0	12	1	98	0	0
PDE4C	0	124	0	12	1	98	0	0
AC008397.1	0	0	0	0	0	0	0	0
IQCN	0	92	0	17	0	139	0	0
JUND	0	83	0	0	0	39	0	0
LSM4	0	8	0	0	0	4	0	0
PGPEP1	0	15	0	4	0	28	0	0
GDF15	0	23	0	3	0	28	0	0
LRRC25	0	21	0	0	0	3	0	0
SSBP4	0	100	0	4	0	50	0	0
ISYNA1	0	0	0	0	0	0	0	0
ELL	0	171	0	0	0	74	0	0
FKBP8	0	185	0	0	0	152	0	0
KXD1	0	20	0	0	0	19	0	0
UBA52	0	4	0	0	0	0	0	0
CRLF1	0	71	0	2	0	200	0	0
REX1BD	0	48	0	1	0	50	0	0
TMEM59L	0	26	0	3	0	89	0	0
KLHL26	1	93	0	1	0	125	0	0
CRTC1	0	137	0	2	0	37	0	0
COMP	0	60	0	5	0	72	0	0
UPF1	3	349	0	0	0	144	0	0
GDF1	0	43	0	20	0	28	0	0
CERS1	0	43	0	20	0	28	0	0
COPE	0	128	0	0	0	55	0	0
AC002985.1	2	261	0	0	1	323	0	0
DDX49	0	89	0	0	0	87	0	0
HOMER3	0	91	0	2	1	214	0	0
SUGP2	0	78	0	1	0	86	0	0
ARMC6	0	104	0	6	0	47	0	0
SLC25A42	1	89	0	1	0	41	0	0
TMEM161A	1	122	0	14	0	53	0	0
BORCS8-MEF2B	0	88	0	1	0	14	0	0
MEF2B	0	0	0	0	0	0	0	0
BORCS8	0	88	0	1	0	14	0	0
RFXANK	0	15	0	3	0	30	0	0
NR2C2AP	0	1	0	0	0	19	0	0
NCAN	0	154	0	3	0	81	0	0
HAPLN4	0	16	0	1	0	62	0	0
TM6SF2	0	78	0	2	0	54	0	0
SUGP1	0	126	0	3	0	42	0	0
MAU2	1	84	0	1	0	25	0	0
GATAD2A	1	168	0	0	0	72	0	0
TSSK6	0	0	0	0	0	0	0	0
NDUFA13	0	18	0	3	0	7	0	0
AC011448.1	0	18	0	3	0	7	0	0
YJEFN3	0	0	0	0	0	0	0	0
CILP2	0	146	0	5	0	132	0	0
PBX4	0	28	0	4	0	84	0	0
LPAR2	0	5	0	1	0	17	0	0
GMIP	2	191	0	3	2	307	0	0
ATP13A1	1	187	0	4	1	116	0	0
ZNF101	0	46	0	2	0	5	0	0
ZNF14	0	39	0	15	0	28	0	0
ZNF506	0	13	0	100	0	15	0	0
ZNF253	0	33	0	39	0	52	0	0
ZNF93	0	68	0	39	0	122	0	0
ZNF682	0	19	0	3	0	8	0	0
ZNF90	0	30	0	75	0	21	0	0
ZNF486	1	183	0	118	0	51	0	0
ZNF737	2	236	0	10	0	37	0	0
ZNF626	0	4	0	5	0	1	0	0
ZNF66	0	0	0	0	0	0	0	0
ZNF85	0	19	0	12	0	88	0	0
ZNF430	0	67	0	3	0	47	0	0
ZNF714	0	2	0	2	0	1	0	0
ZNF431	0	20	0	3	0	12	0	0
ZNF708	0	20	0	18	0	71	0	0
ZNF738	0	0	0	0	0	0	0	0
ZNF493	0	94	0	21	0	30	0	0
AC010615.4	0	94	0	21	0	30	0	0
ZNF429	0	35	0	19	0	36	0	0
ZNF100	0	99	0	69	0	118	0	0
ZNF43	0	42	0	15	0	177	0	0
ZNF208	0	231	0	22	0	140	0	0
ZNF257	0	0	0	0	0	0	0	0
ZNF676	0	50	0	51	0	76	0	0
ZNF729	2	289	0	138	0	67	0	0
ZNF98	0	171	0	18	0	194	0	0
ZNF492	0	81	0	4	0	65	0	0
ZNF99	0	78	0	36	0	60	0	0
ZNF723	0	0	0	0	0	0	0	0
ZNF728	0	55	0	29	0	82	0	0
ZNF730	0	31	0	86	0	14	0	0
ZNF724	0	0	0	0	0	0	0	0
AC092329.3	0	0	0	0	0	0	0	0
ZNF91	4	357	0	29	0	57	0	0
ZNF675	0	21	0	12	1	90	0	0
ZNF681	0	60	0	23	1	67	0	0
ZNF726	0	29	0	17	0	40	0	0
ZNF254	0	33	0	26	0	39	0	0
UQCRFS1	0	25	0	1	0	17	0	0
VSTM2B	0	176	0	4	0	34	0	0
POP4	0	8	0	6	0	39	0	0
PLEKHF1	0	21	0	3	0	43	0	0
C19orf12	0	125	0	0	0	47	0	0
CCNE1	0	58	0	2	0	87	0	0
URI1	0	159	0	10	0	12	0	0
ZNF536	0	268	0	0	1	191	0	0
TSHZ3	1	247	0	0	1	192	0	0
ZNF507	0	235	0	4	0	115	0	0
DPY19L3	0	60	0	3	0	61	0	0
PDCD5	0	8	0	0	0	7	0	0
ANKRD27	0	232	0	10	0	227	0	0
RGS9BP	0	0	0	0	0	0	0	0
NUDT19	0	183	0	22	0	83	0	0
TDRD12	0	93	0	10	0	150	0	0
SLC7A9	0	88	0	10	0	58	0	0
CEP89	0	155	0	34	1	124	0	0
FAAP24	0	4	0	2	0	8	0	0
RHPN2	0	97	0	8	0	70	0	0
GPATCH1	0	1220	0	3	1	121	0	0
WDR88	0	30	0	0	0	54	0	0
LRP3	0	1	0	0	0	7	0	0
SLC7A10	0	83	0	0	0	105	0	0
CEBPA	0	91	0	0	0	25	0	0
CEBPG	0	21	0	0	0	14	0	0
PEPD	0	129	0	5	1	249	0	0
CHST8	0	36	0	0	0	50	0	0
KCTD15	0	29	0	2	0	31	0	0
LSM14A	0	31	0	0	0	150	0	0
KIAA0355	1	177	0	5	1	210	0	0
GPI	2	127	0	2	0	41	0	0
AC092073.1	0	17	0	15	0	78	0	0
PDCD2L	0	17	0	18	0	73	0	0
UBA2	0	98	0	0	0	42	0	0
WTIP	0	23	0	1	0	30	0	0
SCGB2B2	0	3	0	1	0	2	0	0
ZNF302	0	97	0	10	0	57	0	0
ZNF181	0	83	0	8	0	35	0	0
ZNF599	0	54	0	111	0	77	0	0
ZNF30	1	196	0	13	0	75	0	0
ZNF792	0	151	0	3	0	29	0	0
GRAMD1A	1	221	0	36	0	77	0	0
SCN1B	0	26	0	3	0	12	0	0
HPN	0	106	0	2	0	36	0	0
AC020907.6	0	0	0	1	0	0	0	0
FXYD3	0	0	0	1	0	0	0	0
LGI4	1	60	0	3	0	89	0	0
FXYD1	0	0	0	0	0	0	0	0
FXYD7	0	29	0	0	0	6	0	0
FXYD5	0	5	0	1	0	2	0	0
FAM187B	0	23	0	7	0	26	0	0
LSR	1	225	0	28	0	20	0	0
USF2	0	67	0	0	0	134	0	0
HAMP	0	25	0	3	0	6	0	0
MAG	1	136	0	1	1	199	0	0
CD22	1	371	0	2	0	48	0	0
FFAR1	0	1	0	0	0	2	0	0
FFAR3	1	272	0	3	0	41	0	0
GPR42	0	0	0	0	0	0	0	0
FFAR2	0	531	0	3	0	104	0	0
KRTDAP	0	4	0	0	0	8	0	0
DMKN	0	93	0	6	0	53	0	0
SBSN	0	1021	0	2	0	76	0	0
GAPDHS	0	8	0	0	0	13	0	0
TMEM147	0	18	0	1	0	20	0	0
ATP4A	1	260	0	2	2	375	0	0
PMIS2	0	0	0	0	0	0	0	0
HAUS5	0	81	0	10	0	116	0	0
RBM42	0	56	0	1	0	66	0	0
ETV2	0	0	0	0	0	0	0	0
COX6B1	0	6	0	0	0	5	0	0
UPK1A	0	32	0	4	0	72	0	0
ZBTB32	0	141	0	1	0	27	0	0
KMT2B	2	419	0	0	0	180	0	0
IGFLR1	0	82	0	39	0	89	0	0
AD000671.2	0	82	0	39	0	89	0	0
U2AF1L4	0	0	0	0	0	0	0	0
PSENEN	0	0	0	1	0	1	0	0
AD000671.1	0	0	0	1	0	1	0	0
LIN37	0	0	0	0	0	0	0	0
HSPB6	0	25	0	156	0	59	0	0
PROSER3	0	34	0	4	0	8	0	0
ARHGAP33	0	73	0	2	0	73	0	0
PRODH2	1	181	0	18	0	64	0	0
NPHS1	1	190	0	53	3	381	0	0
KIRREL2	0	39	0	43	2	100	0	0
APLP1	1	130	0	9	0	185	0	0
NFKBID	0	51	0	0	0	11	0	0
HCST	0	1	0	1	0	14	0	0
TYROBP	0	0	0	0	0	0	0	0
LRFN3	0	203	0	1	0	210	0	0
SDHAF1	0	11	0	0	0	7	0	0
SYNE4	0	11	0	5	0	0	0	0
ALKBH6	0	20	0	0	0	13	0	0
CLIP3	0	30	0	0	0	176	0	0
THAP8	0	33	0	59	0	37	0	0
WDR62	2	251	0	8	1	156	0	0
OVOL3	0	0	0	0	0	0	0	0
POLR2I	0	0	0	0	0	0	0	0
TBCB	0	59	0	0	0	17	0	0
CAPNS1	1	382	0	4	0	52	0	0
COX7A1	0	0	0	0	0	0	0	0
ZNF565	0	81	0	3	1	16	0	0
ZNF146	0	0	0	0	0	0	0	0
ZFP14	0	26	0	2	2	153	0	0
ZFP82	0	53	0	0	0	30	0	0
ZNF566	0	30	0	4	0	11	0	0
ZNF260	1	168	0	5	0	31	0	0
ZNF529	0	112	0	28	0	18	0	0
ZNF382	0	30	0	4	0	64	0	0
ZNF461	0	11	0	9	0	18	0	0
ZNF567	0	14	0	1	0	45	0	0
ZNF850	0	12	0	1	0	45	0	0
ZNF790	0	37	0	23	0	8	0	0
ZNF345	0	6	0	6	0	22	0	0
ZNF829	0	6	0	4	0	21	0	0
ZNF568	2	298	0	17	1	217	0	0
ZNF420	0	37	0	3	0	6	0	0
AC012309.1	3	234	0	16	0	80	0	0
ZNF585A	3	234	0	5	0	80	0	0
ZNF585B	0	0	0	11	0	0	0	0
ZNF383	0	32	0	9	0	15	0	0
HKR1	1	215	0	48	0	115	0	0
ZNF527	0	0	0	2	0	6	0	0
ZNF569	0	19	0	2	0	14	0	0
ZNF570	0	67	0	5	0	39	0	0
ZNF793	0	50	0	19	0	31	0	0
ZNF540	0	92	0	82	0	1107	0	0
ZNF571	0	53	0	79	0	1057	0	0
ZFP30	0	133	0	15	0	96	0	0
ZNF781	0	115	0	7	0	14	0	0
AC093227.2	0	115	0	25	0	218	0	0
ZNF607	0	115	0	25	0	218	0	0
ZNF573	0	167	0	8	0	26	0	0
WDR87	1	430	0	167	0	270	0	0
SIPA1L3	1	343	0	6	0	312	0	0
DPF1	0	32	0	0	0	12	0	0
SPINT2	0	37	0	0	0	124	0	0
PPP1R14A	0	12	0	0	0	109	0	0
AC011479.1	0	17	0	0	0	17	0	0
C19orf33	0	8	0	0	0	5	0	0
YIF1B	0	0	0	0	0	0	0	0
KCNK6	0	31	0	5	0	86	0	0
CATSPERG	0	30	0	10	0	16	0	0
PSMD8	0	20	0	5	0	30	0	0
GGN	0	0	0	0	0	0	0	0
SPRED3	0	29	0	0	0	20	0	0
FAM98C	2	190	0	13	0	48	0	0
RASGRP4	0	21	0	1	0	20	0	0
RYR1	17	971	0	24	8	905	0	0
MAP4K1	0	98	0	21	0	57	0	0
EIF3K	0	31	0	3	0	50	0	0
ACTN4	0	179	0	1	1	180	0	0
CAPN12	0	196	0	18	0	261	0	0
LGALS7	0	1	0	0	0	0	0	0
LGALS7B	2	111	0	0	0	31	0	0
LGALS4	0	68	0	3	0	37	0	0
ECH1	0	26	0	10	0	12	0	0
AC008982.1	0	60	0	10	0	11	0	0
HNRNPL	0	290	0	0	0	51	0	0
RINL	0	0	0	0	0	0	0	0
SIRT2	0	26	0	3	0	34	0	0
NFKBIB	0	171	0	2	0	39	0	0
CCER2	0	0	0	0	0	0	0	0
SARS2	0	48	0	6	1	237	0	0
AC011455.2	0	59	0	11	1	270	0	0
MRPS12	0	2	0	0	0	14	0	0
FBXO17	0	12	0	5	0	61	0	0
FBXO27	0	61	0	2	0	45	0	0
ACP7	0	70	0	17	0	86	0	0
PAK4	0	125	0	3	0	84	0	0
NCCRP1	0	4	0	10	0	2	0	0
SYCN	0	19	0	5	0	4	0	0
IFNL3	0	21	0	0	0	145	0	0
IFNL4	0	0	0	0	0	0	0	0
IFNL2	0	118	0	13	0	14	0	0
IFNL1	0	16	0	4	0	18	0	0
LRFN1	1	118	0	1	0	61	0	0
GMFG	0	9	0	3	0	8	0	0
SAMD4B	0	156	0	0	0	32	0	0
PAF1	0	154	0	3	0	37	0	0
MED29	0	11	0	1	0	3	0	0
ZFP36	0	0	0	0	0	0	0	0
PLEKHG2	1	286	0	10	0	213	0	0
RPS16	0	9	0	4	0	11	0	0
SUPT5H	0	81	0	2	0	43	0	0
TIMM50	0	61	0	1	0	45	0	0
DLL3	0	132	0	5	0	56	0	0
SELENOV	0	61	0	5	0	6	0	0
EID2B	0	66	0	1	0	6	0	0
EID2	0	58	0	2	0	8	0	0
LGALS13	0	5	0	4	0	55	0	0
LGALS16	0	10	0	2	0	20	0	0
LGALS14	0	10	0	15	0	2	0	0
CLC	0	10	0	2	1	109	0	0
LEUTX	0	37	0	0	0	3	0	0
DYRK1B	0	51	0	2	0	60	0	0
FBL	0	23	0	0	0	118	0	0
FCGBP	9	730	0	61	12	798	0	0
PSMC4	1	126	0	1	0	14	0	0
ZNF546	2	297	0	38	0	128	0	0
ZNF780B	0	26	0	12	0	46	0	0
ZNF780A	0	400	0	24	0	10	0	0
MAP3K10	0	127	0	13	0	164	0	0
TTC9B	0	0	0	0	0	0	0	0
CNTD2	0	7	0	1	0	7	0	0
AKT2	1	127	0	1	0	29	0	0
C19orf47	0	7	0	0	0	11	0	0
PLD3	0	15	0	2	0	155	0	0
HIPK4	0	74	0	2	0	100	0	0
PRX	0	13	0	3	0	13	0	0
SERTAD1	0	166	0	0	0	21	0	0
SERTAD3	0	14	0	2	0	15	0	0
BLVRB	0	72	0	1	0	294	0	0
SPTBN4	2	346	0	1	3	417	0	0
SHKBP1	0	39	0	9	0	104	0	0
LTBP4	2	315	0	11	2	261	0	0
NUMBL	0	646	0	0	0	207	0	0
COQ8B	0	119	0	4	1	170	0	0
ITPKC	0	45	0	1	0	47	0	0
C19orf54	0	0	0	0	0	3	0	0
SNRPA	0	22	0	1	0	10	0	0
MIA	0	18	0	0	0	23	0	0
MIA-RAB4B	0	64	0	0	0	49	0	0
RAB4B	0	46	0	0	0	26	0	0
RAB4B-EGLN2	0	160	0	0	0	76	0	0
EGLN2	0	117	0	0	0	50	0	0
AC008537.1	7	521	1	28	1	290	0	0
CYP2A6	4	279	0	20	0	118	0	0
CYP2A7	1	210	1	10	1	186	0	0
CYP2B6	0	218	0	14	2	344	0	0
CYP2A13	0	140	0	135	1	96	0	0
CYP2F1	0	86	0	10	1	137	0	0
CYP2S1	1	103	0	14	0	50	0	0
AXL	0	71	0	5	1	255	0	0
HNRNPUL1	0	79	0	14	1	100	0	0
TGFB1	2	157	0	9	0	85	0	0
CCDC97	0	36	0	7	0	37	0	0
AC011462.1	2	334	0	8	2	119	0	0
TMEM91	1	107	0	1	0	14	0	0
B9D2	0	1	0	0	0	1	0	0
EXOSC5	0	47	0	1	0	46	0	0
BCKDHA	1	192	0	6	1	60	0	0
B3GNT8	0	0	0	0	0	0	0	0
DMAC2	1	80	0	0	0	78	0	0
ERICH4	0	0	0	0	0	0	0	0
CEACAM21	0	28	0	78	0	4	0	0
CEACAM4	0	11	0	10	0	26	0	0
CEACAM7	0	27	0	61	0	8	0	0
CEACAM5	1	106	0	4	0	50	0	0
AC243967.1	1	122	0	4	0	54	0	0
CEACAM6	0	30	0	1	0	60	0	0
CEACAM3	0	50	0	2	0	3	0	0
LYPD4	0	15	0	2	0	20	0	0
DMRTC2	0	28	0	7	0	53	0	0
RPS19	0	6	0	1	0	1	0	0
CD79A	0	12	0	0	1	69	0	0
ARHGEF1	1	321	0	0	0	118	0	0
AC010616.1	0	1	0	0	0	6	0	0
RABAC1	0	53	0	8	0	15	0	0
AC010616.2	1	164	0	8	0	101	0	0
ATP1A3	1	135	0	0	0	86	0	0
GRIK5	0	120	0	1	0	183	0	0
ZNF574	0	114	0	0	0	102	0	0
POU2F2	0	76	0	1	0	29	0	0
DEDD2	0	41	0	0	0	38	0	0
ZNF526	0	33	0	0	0	9	0	0
GSK3A	1	156	0	1	0	42	0	0
AC006486.1	0	190	0	2	1	96	0	0
ERF	0	77	0	1	0	61	0	0
CIC	1	226	0	1	0	188	0	0
PAFAH1B3	0	1	0	0	0	2	0	0
PRR19	0	0	0	0	0	2	0	0
TMEM145	0	33	0	8	0	114	0	0
MEGF8	6	623	0	4	3	484	0	0
CNFN	0	19	0	0	0	12	0	0
LIPE	0	384	0	18	2	327	0	0
CXCL17	0	6	0	1	0	2	0	0
CEACAM1	0	50	0	21	0	24	0	0
CEACAM8	0	42	0	7	0	8	0	0
PSG3	0	87	0	9	0	121	0	0
PSG8	0	58	0	13	0	19	0	0
PSG1	0	84	0	26	0	34	0	0
PSG6	7	238	0	34	0	26	0	0
PSG7	1	68	0	8	0	24	0	0
PSG11	0	14	0	9	0	11	0	0
PSG2	0	187	0	15	0	48	0	0
PSG5	1	107	0	3	1	36	0	0
PSG4	3	92	0	11	1	21	0	0
PSG9	1	54	0	18	0	36	0	0
CD177	0	63	0	2	0	17	0	0
TEX101	0	17	0	2	0	14	0	0
LYPD3	0	30	0	7	0	75	0	0
PHLDB3	0	77	0	16	0	72	0	0
ETHE1	0	10	0	3	0	25	0	0
ZNF575	0	41	0	3	0	35	0	0
XRCC1	1	206	0	4	0	94	0	0
L34079.1	0	51	0	0	0	22	0	0
PINLYP	0	0	0	0	0	0	0	0
IRGQ	0	0	0	0	0	0	0	0
ZNF576	0	17	0	3	0	15	0	0
SRRM5	0	39	0	3	0	47	0	0
ZNF428	0	22	0	0	0	32	0	0
CADM4	0	21	0	0	0	93	0	0
PLAUR	0	204	0	7	0	31	0	0
IRGC	0	93	0	2	0	106	0	0
SMG9	0	121	0	3	0	55	0	0
KCNN4	0	34	0	3	0	65	0	0
LYPD5	0	12	0	4	0	11	0	0
ZNF283	0	111	0	2	0	30	0	0
ZNF404	1	166	0	28	0	200	0	0
ZNF45	0	135	0	941	0	33	0	0
ZNF221	0	26	0	24	0	12	0	0
ZNF155	1	86	0	5	0	109	0	0
ZNF230	0	33	0	6	0	55	0	0
ZNF222	0	170	0	11	0	31	0	0
AC067968.1	3	381	0	46	1	189	0	0
ZNF223	0	69	0	21	1	129	0	0
ZNF284	1	148	0	14	0	30	0	0
ZNF224	0	200	0	11	0	25	0	0
ZNF225	0	72	0	13	0	87	0	0
ZNF234	0	94	0	8	0	131	0	0
ZNF226	0	32	0	7	0	16	0	0
ZNF227	1	156	0	17	0	30	0	0
ZNF235	2	801	0	59	0	91	0	0
ZNF233	0	633	0	41	0	6	0	0
ZNF112	0	766	0	2	0	12	0	0
AC245748.1	0	84	0	11	0	47	0	0
ZNF285	0	80	0	10	0	46	0	0
ZNF229	0	0	0	0	0	0	0	0
ZNF180	0	161	0	22	0	73	0	0
CEACAM20	1	123	0	9	0	33	0	0
IGSF23	0	40	0	0	0	3	0	0
PVR	0	3	0	0	0	0	0	0
CEACAM19	0	24	0	10	0	34	0	0
CEACAM16	0	176	0	4	1	86	0	0
BCL3	0	32	0	0	0	16	0	0
CBLC	0	24	1	36	2	312	0	0
BCAM	0	151	0	1	0	158	0	0
NECTIN2	1	76	0	0	2	286	0	0
TOMM40	0	2	0	0	0	2	0	0
APOE	0	49	0	1	0	46	0	0
APOC1	0	3	0	0	0	3	0	0
APOC4	0	0	0	0	0	0	0	0
APOC4-APOC2	0	7	0	1	0	2	0	0
APOC2	0	7	0	1	0	2	0	0
CLPTM1	2	148	0	1	0	69	0	0
RELB	0	94	0	1	0	27	0	0
CLASRP	0	182	0	2	0	104	0	0
ZNF296	0	0	0	0	0	0	0	0
GEMIN7	0	0	0	0	0	0	0	0
MARK4	2	394	0	6	1	373	0	0
PPP1R37	0	109	0	3	0	122	0	0
NKPD1	0	50	0	1	0	27	0	0
TRAPPC6A	0	25	0	2	0	38	0	0
BLOC1S3	0	0	0	0	0	0	0	0
AC005779.2	0	0	0	0	0	0	0	0
EXOC3L2	0	72	0	0	0	117	0	0
CKM	0	80	0	18	0	151	0	0
KLC3	0	0	0	0	0	0	0	0
ERCC2	0	72	0	20	0	132	0	0
PPP1R13L	0	96	0	77	0	238	0	0
CD3EAP	0	0	0	0	0	0	0	0
ERCC1	0	68	0	2	0	51	0	0
FOSB	0	23	0	1	0	26	0	0
RTN2	1	386	0	2	0	92	0	0
PPM1N	1	387	0	2	0	88	0	0
VASP	0	31	0	1	0	32	0	0
OPA3	0	58	0	0	0	12	0	0
GPR4	0	51	0	0	0	11	0	0
EML2	0	35	0	9	1	304	0	0
GIPR	0	63	0	5	1	94	0	0
SNRPD2	0	0	0	0	0	0	0	0
QPCTL	0	24	0	4	0	192	0	0
FBXO46	0	127	0	0	0	70	0	0
BHMG1	0	0	0	0	0	0	0	0
SIX5	0	0	0	0	0	0	0	0
DMPK	0	37	0	1	0	63	0	0
AC011530.1	0	32	0	0	0	21	0	0
DMWD	0	86	0	2	0	33	0	0
RSPH6A	1	161	0	13	1	113	0	0
SYMPK	2	266	0	1	0	60	0	0
FOXA3	0	25	0	1	0	26	0	0
IRF2BP1	0	130	0	0	0	22	0	0
MYPOP	0	30	0	0	1	19	0	0
NANOS2	0	7	0	1	0	10	0	0
NOVA2	0	59	0	0	0	15	0	0
CCDC61	0	108	0	4	0	43	0	0
PGLYRP1	0	140	0	5	0	20	0	0
IGFL4	0	7	0	4	0	1	0	0
IGFL3	0	4	0	0	0	21	0	0
IGFL2	0	3	0	32	0	2	0	0
IGFL1	0	14	0	0	0	110	0	0
HIF3A	0	3	0	1	0	2	0	0
PPP5C	1	83	0	9	0	29	0	0
CCDC8	0	72	0	10	0	54	0	0
PNMA8C	0	0	0	0	0	0	0	0
PNMA8A	0	98	0	0	0	20	0	0
PPP5D1	0	11	0	0	0	8	0	0
PNMA8B	0	0	0	0	0	0	0	0
CALM3	0	85	0	0	0	0	0	0
PTGIR	0	33	0	6	0	48	0	0
GNG8	0	1	0	2	0	5	0	0
DACT3	0	70	0	0	0	21	0	0
PRKD2	0	40	0	0	1	237	0	0
STRN4	0	72	0	3	0	73	0	0
FKRP	0	70	0	3	1	123	0	0
SLC1A5	0	25	0	0	1	56	0	0
AP2S1	0	26	0	1	0	2	0	0
ARHGAP35	2	318	0	1	0	100	0	0
NPAS1	0	44	0	1	0	44	0	0
TMEM160	0	27	0	5	0	13	0	0
ZC3H4	0	465	0	0	0	174	0	0
SAE1	0	129	0	0	0	29	0	0
BBC3	0	43	0	10	0	20	0	0
CCDC9	0	103	0	29	0	99	0	0
INAFM1	0	0	0	0	0	0	0	0
C5AR1	0	86	0	2	0	33	0	0
C5AR2	0	36	0	3	0	23	0	0
DHX34	1	220	0	9	1	345	0	0
MEIS3	0	48	0	2	0	160	0	0
SLC8A2	2	303	0	1	0	57	0	0
KPTN	0	56	0	5	0	15	0	0
NAPA	0	30	0	1	0	29	0	0
ZNF541	0	107	0	3	0	42	0	0
BICRA	4	580	0	0	1	189	0	0
EHD2	0	75	0	2	0	76	0	0
NOP53	0	119	0	4	0	98	0	0
SELENOW	0	124	0	0	0	1	0	0
TPRX1	0	1147	0	2	0	9	0	0
CRX	0	33	0	1	0	100	0	0
SULT2A1	1	61	0	2	0	36	0	0
BSPH1	0	22	0	4	0	3	0	0
ELSPBP1	0	56	0	8	0	29	0	0
CABP5	0	15	0	1	0	43	0	0
PLA2G4C	0	60	0	16	0	114	0	0
LIG1	1	186	0	4	1	168	0	0
ZSWIM9	0	72	0	2	0	47	0	0
CARD8	0	73	0	6	0	47	0	0
ZNF114	0	62	0	17	0	18	0	0
CCDC114	3	320	0	4	0	35	0	0
EMP3	0	5	0	5	0	9	0	0
TMEM143	0	16	0	5	1	53	0	0
SYNGR4	0	38	0	4	0	19	0	0
KDELR1	0	12	0	0	0	3	0	0
GRIN2D	0	57	0	1	0	26	0	0
GRWD1	0	43	0	9	0	102	0	0
KCNJ14	0	55	0	0	1	143	0	0
AC008403.1	0	2	0	0	0	2	0	0
CYTH2	0	12	0	0	0	8	0	0
LMTK3	3	432	0	2	0	317	0	0
SULT2B1	0	198	0	4	0	84	0	0
FAM83E	0	44	0	1	0	114	0	0
SPACA4	0	0	0	0	0	0	0	0
RPL18	0	10	0	0	0	28	0	0
SPHK2	0	0	0	0	0	0	0	0
DBP	0	5	0	0	0	1	0	0
CA11	0	15	0	1	0	18	0	0
NTN5	0	80	0	15	0	129	0	0
FUT2	2	165	0	9	0	156	0	0
MAMSTR	0	16	0	4	0	39	0	0
RASIP1	0	94	0	2	1	152	0	0
IZUMO1	0	0	0	0	0	0	0	0
FUT1	0	21	0	9	0	38	0	0
FGF21	0	55	0	651	0	20	0	0
BCAT2	0	12	0	3	0	35	0	0
HSD17B14	0	6	0	2	0	9	0	0
PLEKHA4	0	30	0	7	0	112	0	0
PPP1R15A	0	56	0	10	0	41	0	0
TULP2	0	79	0	7	1	57	0	0
NUCB1	0	78	0	1	0	103	0	0
DHDH	1	110	0	878	0	152	0	0
BAX	0	33	0	1	0	34	0	0
FTL	0	0	0	0	0	0	0	0
GYS1	0	74	0	5	0	110	0	0
RUVBL2	0	15	0	33	0	14	0	0
LHB	0	0	0	0	0	0	0	0
AC008687.4	0	0	0	0	0	0	0	0
CGB3	0	5	0	9	0	7	0	0
AC008687.1	0	81	0	46	0	28	0	0
CGB2	0	0	0	0	0	0	0	0
CGB1	0	78	0	41	0	22	0	0
CGB5	0	98	0	3	1	45	0	0
CGB8	0	0	0	0	0	0	0	0
CGB7	1	83	0	9	0	21	0	0
AC008687.8	0	0	0	0	0	0	0	0
NTF4	0	0	0	0	0	0	0	0
KCNA7	1	178	0	3	0	80	0	0
SNRNP70	1	16	0	0	1	24	0	0
LIN7B	0	69	0	2	0	29	0	0
C19orf73	0	0	0	0	0	0	0	0
PPFIA3	3	221	0	2	0	61	0	0
HRC	0	239	0	4	0	210	0	0
TRPM4	1	282	0	89	2	287	0	0
SLC6A16	0	60	0	16	0	37	0	0
CD37	0	26	0	0	0	10	0	0
TEAD2	0	52	0	3	0	101	0	0
DKKL1	0	45	0	9	0	55	0	0
CCDC155	0	117	0	6	0	80	0	0
PTH2	0	12	0	5	0	6	0	0
GFY	0	0	0	0	0	0	0	0
SLC17A7	0	139	0	1	0	76	0	0
PIH1D1	0	17	0	0	0	39	0	0
ALDH16A1	0	117	0	8	1	356	0	0
AC010619.1	0	59	0	8	0	224	0	0
FLT3LG	0	11	0	2	0	9	0	0
RPL13A	0	0	0	0	0	0	0	0
RPS11	0	41	0	0	0	10	0	0
FCGRT	0	31	0	1	0	130	0	0
RCN3	0	171	0	7	0	82	0	0
NOSIP	0	58	0	3	0	173	0	0
PRRG2	0	18	0	3	0	147	0	0
PRR12	2	503	0	0	1	362	0	0
RRAS	0	50	0	7	0	167	0	0
SCAF1	1	348	0	7	0	182	0	0
IRF3	0	21	0	0	0	2	0	0
BCL2L12	0	5	0	13	0	32	0	0
PRMT1	0	196	0	0	0	6	0	0
ADM5	0	0	0	0	0	0	0	0
CPT1C	0	0	0	0	0	0	0	0
TSKS	0	146	0	2	1	136	0	0
AP2A1	1	150	0	0	0	32	0	0
FUZ	0	125	0	3	0	48	0	0
MED25	0	290	0	15	1	181	0	0
PTOV1	0	37	0	1	0	27	0	0
PNKP	0	253	0	42	0	58	0	0
AKT1S1	0	0	0	0	0	3	0	0
TBC1D17	0	170	0	80	0	133	0	0
IL4I1	0	20	0	2	0	96	0	0
NUP62	0	0	0	0	0	0	0	0
AC011452.1	0	3	0	1	0	1	0	0
ATF5	0	0	0	0	0	0	0	0
SIGLEC11	0	6	0	1	0	1	0	0
VRK3	0	100	0	4	0	61	0	0
ZNF473	1	192	0	3	0	67	0	0
IZUMO2	0	10	0	15	0	102	0	0
MYH14	0	169	0	8	3	365	0	0
KCNC3	0	198	0	2	0	76	0	0
NR1H2	1	238	0	7	0	54	0	0
NAPSA	0	140	0	7	0	33	0	0
POLD1	2	696	0	0	0	135	0	0
AC020909.1	0	64	0	2	0	14	0	0
SPIB	0	64	0	2	0	14	0	0
MYBPC2	0	132	0	51	0	318	0	0
FAM71E1	0	5	0	5	0	2	0	0
EMC10	0	29	0	8	0	120	0	0
JOSD2	0	7	0	0	0	4	0	0
ASPDH	0	7	0	3	0	16	0	0
LRRC4B	0	16	0	0	0	39	0	0
SYT3	0	47	0	3	0	83	0	0
C19orf81	0	3	0	0	0	171	0	0
SHANK1	5	663	0	2	1	303	0	0
CLEC11A	0	268	0	113	0	140	0	0
GPR32	0	34	0	0	0	20	0	0
AC010325.1	1	25	0	4	0	14	0	0
ACP4	1	52	0	13	0	36	0	0
C19orf48	0	0	0	0	0	0	0	0
KLK1	1	124	0	2	0	23	0	0
KLK15	0	1	0	1	0	0	0	0
KLK3	1	82	0	1119	0	21	0	0
KLK2	0	22	0	1	1	68	0	0
KLK4	2	173	0	1	0	39	0	0
KLK5	0	25	0	0	0	19	0	0
KLK6	0	12	0	2	0	19	0	0
KLK7	0	5	0	7	0	0	0	0
KLK8	0	0	0	0	0	0	0	0
AC011473.4	0	13	0	3	0	41	0	0
KLK9	0	13	0	3	0	41	0	0
KLK10	0	90	0	7	0	161	0	0
KLK11	0	0	0	0	0	0	0	0
KLK12	0	35	0	2	0	51	0	0
KLK13	0	12	0	37	0	6	0	0
KLK14	0	20	0	3	1	135	0	0
CTU1	1	79	0	5	0	54	0	0
SIGLEC9	0	167	0	13	0	12	0	0
SIGLEC7	0	24	0	18	0	44	0	0
CD33	0	37	0	14	0	20	0	0
SIGLECL1	0	19	0	23	0	2	0	0
IGLON5	0	88	0	1	0	35	0	0
VSIG10L	0	49	0	4	1	223	0	0
ETFB	0	23	0	1	0	73	0	0
AC008750.8	0	3	0	1	0	64	0	0
CLDND2	0	0	0	0	0	0	0	0
NKG7	0	90	0	2	0	10	0	0
LIM2	0	181	0	0	0	34	0	0
C19orf84	0	0	0	0	0	0	0	0
SIGLEC10	0	236	0	9	0	20	0	0
SIGLEC8	0	159	0	7	0	29	0	0
CEACAM18	0	25	0	7	0	58	0	0
SIGLEC12	0	80	0	9	0	90	0	0
SIGLEC6	1	135	0	3	0	22	0	0
ZNF175	0	44	0	17	0	45	0	0
SIGLEC5	1	237	0	84	2	43	0	0
AC018755.2	4	261	0	84	2	55	0	0
SIGLEC14	4	58	0	0	2	31	0	0
SPACA6	0	0	0	0	0	0	0	0
HAS1	2	287	0	29	0	268	0	0
FPR1	3	241	0	1	1	151	0	0
FPR2	0	29	0	0	0	129	0	0
FPR3	0	15	0	0	0	9	0	0
ZNF577	0	45	0	15	0	15	0	0
ZNF649	0	3	0	0	0	0	0	0
ZNF613	0	68	0	4	0	28	0	0
ZNF350	1	51	0	2	0	18	0	0
ZNF615	0	30	0	15	0	146	0	0
ZNF614	0	33	0	4	0	57	0	0
ZNF432	0	1391	0	35	2	322	0	0
ZNF841	0	229	0	19	0	32	0	0
ZNF616	0	0	0	4	0	2	0	0
ZNF836	0	67	0	8	0	31	0	0
PPP2R1A	0	65	0	0	0	40	0	0
ZNF766	0	38	0	4	0	3	0	0
ZNF480	0	68	0	14	0	91	0	0
ZNF610	0	65	0	3	0	91	0	0
ZNF880	1	80	0	9	0	27	0	0
ZNF528	0	72	0	91	0	31	0	0
ZNF534	0	2	0	0	0	9	0	0
ZNF578	0	44	0	20	0	145	0	0
ZNF808	0	39	0	11	0	24	0	0
ZNF701	1	52	0	47	0	18	0	0
ZNF83	0	48	0	16	0	93	0	0
ZNF611	0	58	0	9	0	91	0	0
ZNF600	0	90	0	8	0	18	0	0
ZNF28	0	16	0	0	0	3	0	0
ZNF468	0	26	0	0	0	31	0	0
ZNF320	0	10	0	0	0	28	0	0
AC010487.3	0	12	0	0	0	28	0	0
ZNF888	0	0	0	0	0	0	0	0
ZNF816-ZNF321P	0	2	0	0	0	0	0	0
ZNF816	0	2	0	0	0	0	0	0
ERVV-1	0	0	0	0	0	0	0	0
ERVV-2	0	12	0	2	0	37	0	0
ZNF160	0	84	0	1	0	5	0	0
ZNF415	0	45	0	1	0	115	0	0
ZNF347	0	46	0	20	0	61	0	0
ZNF665	0	35	0	6	0	65	0	0
ZNF677	1	170	0	96	0	12	0	0
VN1R2	0	99	0	10	0	9	0	0
VN1R4	0	35	0	5	0	9	0	0
BIRC8	0	142	0	7	0	70	0	0
ZNF845	0	81	0	37	0	60	0	0
ZNF525	0	0	0	0	0	0	0	0
ZNF765	2	136	0	10	0	58	0	0
ZNF761	0	0	0	0	0	0	0	0
ZNF813	1	127	0	16	0	56	0	0
ZNF331	0	137	0	0	0	12	0	0
DPRX	0	35	0	17	0	3	0	0
NLRP12	1	251	0	20	0	131	0	0
MYADM	0	33	0	0	0	17	0	0
PRKCG	1	309	0	1	0	42	0	0
CACNG7	0	15	0	0	0	13	0	0
CACNG8	0	20	0	1	0	25	0	0
CACNG6	0	35	0	6	0	31	0	0
VSTM1	0	71	0	4	0	3	0	0
TARM1	0	55	0	4	0	6	0	0
OSCAR	0	31	0	9	1	165	0	0
NDUFA3	0	0	0	0	0	0	0	0
TFPT	0	0	0	0	0	0	0	0
PRPF31	0	59	0	0	0	122	0	0
CNOT3	1	124	0	0	0	124	0	0
LENG1	0	1	0	0	0	1	0	0
TMC4	0	0	0	0	0	0	0	0
MBOAT7	0	69	0	5	0	88	0	0
TSEN34	0	0	0	0	0	0	0	0
RPS9	7	489	0	21	0	145	0	0
LILRB3	2	236	0	11	0	123	0	0
LILRA6	4	233	0	11	0	17	0	0
LILRB5	0	104	0	9	0	45	0	0
LILRB2	3	1426	0	11	0	84	0	0
LILRA5	0	86	0	4	0	3	0	0
LILRA4	2	460	0	5	0	17	0	0
LAIR1	0	18	0	4	0	10	0	0
TTYH1	0	88	0	3	0	117	0	0
LENG8	0	1201	0	0	0	104	0	0
LENG9	0	0	0	0	0	0	0	0
CDC42EP5	0	13	0	2	0	138	0	0
LAIR2	0	9	0	1	0	7	0	0
LILRA2	0	129	0	166	0	125	0	0
LILRA1	0	381	0	17	0	65	0	0
LILRB1	0	242	0	46	0	79	0	0
LILRB4	0	33	0	7	0	15	0	0
KIR3DL3	0	63	0	6	0	55	0	0
KIR2DL3	4	269	0	48	0	11	0	0
KIR2DL1	0	326	1	72	0	8	0	0
KIR2DL4	0	70	0	4	1	12	0	0
KIR3DL1	1	58	1	136	0	109	0	0
KIR3DL2	0	64	0	8	1	69	0	0
FCAR	0	8	0	3	0	8	0	0
NCR1	0	166	0	0	0	8	0	0
NLRP7	0	142	0	6	0	74	0	0
NLRP2	0	165	0	8	0	155	0	0
GP6	1	76	0	6	0	129	0	0
RDH13	0	44	0	2	0	28	0	0
EPS8L1	0	93	0	11	0	83	0	0
PPP1R12C	1	213	0	0	1	185	0	0
TNNT1	0	19	0	2	0	13	0	0
TNNI3	0	15	0	1	0	11	0	0
AC010327.1	0	15	0	1	0	11	0	0
DNAAF3	1	11	0	1	0	2	0	0
SYT5	0	27	0	1	0	58	0	0
PTPRH	0	77	0	75	0	83	0	0
TMEM86B	0	42	0	2	0	17	0	0
PPP6R1	2	212	0	1	1	263	0	0
HSPBP1	0	63	0	5	0	93	0	0
BRSK1	0	93	0	1	0	38	0	0
TMEM150B	0	3	0	1	0	15	0	0
KMT5C	0	116	0	0	0	33	0	0
COX6B2	0	3	0	61	0	46	0	0
AC020922.1	0	3	0	61	0	46	0	0
FAM71E2	0	0	0	0	0	0	0	0
IL11	1	132	0	1	0	42	0	0
TMEM190	0	17	0	0	0	52	0	0
TMEM238	0	0	0	0	0	0	0	0
RPL28	0	119	0	7	0	52	0	0
UBE2S	0	76	0	6	0	28	0	0
SHISA7	0	72	0	0	0	48	0	0
ISOC2	0	10	0	1	0	45	0	0
C19orf85	0	0	0	0	0	0	0	0
ZNF628	0	0	0	0	0	0	0	0
NAT14	0	314	0	1	0	81	0	0
SSC5D	0	797	0	6	0	91	0	0
SBK2	0	114	0	10	0	58	0	0
SBK3	0	6	0	0	0	13	0	0
ZNF579	0	72	0	0	0	33	0	0
FIZ1	0	62	0	2	0	19	0	0
ZNF524	0	0	0	0	0	0	0	0
ZNF865	0	214	0	23	0	55	0	0
ZNF784	0	26	0	3	0	28	0	0
ZNF580	0	0	0	0	0	0	0	0
ZNF581	0	25	0	1	0	6	0	0
CCDC106	0	25	0	1	0	6	0	0
U2AF2	1	217	0	4	0	15	0	0
EPN1	0	131	0	1	0	78	0	0
NLRP9	0	127	0	11	0	32	0	0
RFPL4A	0	57	0	9	0	14	0	0
RFPL4AL1	0	88	0	1	0	13	0	0
NLRP11	2	139	0	6	0	15	0	0
NLRP4	3	321	0	25	0	145	0	0
NLRP13	2	220	0	27	0	92	0	0
NLRP8	0	162	1	90	0	28	0	0
NLRP5	1	312	0	14	2	219	0	0
ZNF787	0	0	0	0	0	0	0	0
ZNF444	0	115	0	3	0	5	0	0
GALP	0	61	0	1	0	3	0	0
ZSCAN5B	0	74	0	8	0	80	0	0
ZSCAN5C	0	0	0	0	0	0	0	0
ZSCAN5A	1	187	0	2	0	50	0	0
EDDM13	0	0	0	0	0	0	0	0
ZNF582	0	73	0	19	0	13	0	0
ZNF583	0	180	0	2	0	3	0	0
ZNF667	0	102	0	2	0	40	0	0
ZNF471	0	142	0	20	0	147	0	0
ZFP28	0	147	0	2	0	44	0	0
ZNF470	0	148	0	15	0	89	0	0
ZNF71	0	299	0	17	0	31	0	0
SMIM17	0	35	0	0	0	33	0	0
ZNF835	2	227	0	1222	0	60	0	0
ZIM2	1	386	0	6	2	436	0	0
PEG3	1	281	0	3	1	408	0	0
USP29	0	164	0	12	0	113	0	0
ZIM3	0	1	0	1	0	0	0	0
DUXA	0	6	0	80	0	10	0	0
ZNF264	0	60	0	9	0	53	0	0
AURKC	0	21	0	19	0	10	0	0
ZNF805	0	26	0	4	0	104	0	0
ZNF460	1	97	0	1	0	1	0	0
ZNF543	0	62	0	92	0	45	0	0
ZNF304	0	181	0	3	1	165	0	0
ZNF547	0	40	0	34	0	12	0	0
TRAPPC2B	0	0	0	0	0	0	0	0
AC003002.1	0	43	0	34	0	15	0	0
ZNF548	0	103	0	14	0	10	0	0
AC003002.3	0	290	0	14	0	13	0	0
AC003002.2	2	474	0	34	0	29	0	0
ZNF17	1	372	0	18	0	19	0	0
ZNF749	0	30	0	25	0	9	0	0
AC004076.1	0	155	1	162	0	41	0	0
VN1R1	0	12	0	7	0	4	0	0
ZNF772	0	115	0	132	0	28	0	0
ZNF419	0	260	0	9	0	64	0	0
AC003005.1	0	295	0	9	0	96	0	0
ZNF773	0	52	0	7	0	62	0	0
ZNF549	0	69	0	18	1	171	0	0
ZNF550	0	75	0	17	1	171	0	0
ZNF416	0	48	0	3	0	12	0	0
ZIK1	0	2	0	2	0	0	0	0
ZNF530	0	74	0	45	0	40	0	0
ZNF134	0	122	0	4	0	27	0	0
ZNF211	0	82	0	96	0	20	0	0
ZSCAN4	0	5	0	3	0	2	0	0
ZNF551	0	76	0	16	0	42	0	0
AC003006.1	1	109	0	53	0	61	0	0
ZNF154	0	27	0	9	0	26	0	0
ZNF671	0	28	0	5	0	18	0	0
ZNF776	0	169	0	37	0	20	0	0
ZNF586	0	192	0	21	0	7	0	0
ZNF552	0	174	0	14	0	6	0	0
AC010522.1	0	156	0	16	0	7	0	0
ZNF587B	0	143	0	7	0	1	0	0
ZNF814	1	579	0	87	0	92	0	0
ZNF587	0	61	0	58	0	46	0	0
AC010326.2	0	81	1	66	0	33	0	0
ZNF417	0	77	1	66	0	33	0	0
ZNF418	0	130	0	16	0	17	0	0
ZNF256	0	28	0	15	0	16	0	0
C19orf18	0	29	0	4	0	5	0	0
ZNF606	0	36	0	0	0	7	0	0
ZSCAN1	0	57	0	421	1	66	0	0
ZNF135	0	121	0	78	0	78	0	0
ZSCAN18	0	121	0	1	0	18	0	0
ZNF329	0	51	0	4	0	15	0	0
ZNF274	1	161	0	2	0	90	0	0
ZNF544	0	59	0	172	0	97	0	0
AC020915.5	0	622	0	752	0	101	0	0
ZNF8	0	565	0	595	0	4	0	0
AC020915.1	0	565	0	595	0	4	0	0
ERVK3-1	0	0	0	0	0	0	0	0
ZSCAN22	0	124	0	5	0	83	0	0
A1BG	1	86	0	6	0	159	0	0
ZNF497	0	0	0	0	0	0	0	0
ZNF837	0	160	0	24	1	96	0	0
RPS5	0	90	0	0	0	38	0	0
RNF225	0	0	0	0	0	0	0	0
ZNF584	1	124	0	12	0	12	0	0
ZNF132	0	80	0	2	0	21	0	0
ZNF324B	0	155	0	6	0	18	0	0
ZNF324	1	197	0	5	0	20	0	0
ZNF446	0	10	0	5	0	7	0	0
SLC27A5	1	120	0	18	1	288	0	0
ZBTB45	0	52	0	2	0	14	0	0
TRIM28	3	192	0	0	3	162	0	0
CHMP2A	0	0	0	0	0	0	0	0
UBE2M	0	26	0	0	0	4	0	0
MZF1	0	67	0	8	1	191	0	0
