#Gene	syn.obs	syn.haps	lgd.obs	lgd.haps	dmis.obs	dmis.haps	lgd/dmis.obs	lgd/dmis.haps
OR11H12	1	195	0	7	0	105	0	0
POTEM	2	46	0	5	0	17	0	0
POTEG	0	278	0	0	3	62	0	0
OR11H2	0	53	0	18	0	144	0	0
OR4N2	5	381	0	50	1	228	0	0
OR4Q3	1	250	0	10	0	83	0	0
OR4M1	0	47	0	5	1	100	0	0
OR4K2	0	68	0	1	0	151	0	0
OR4K5	0	7	0	6	0	36	0	0
OR4K1	0	99	0	4	0	213	0	0
OR4K15	0	1203	0	0	0	43	0	0
OR4Q2	0	0	0	0	0	0	0	0
OR4K14	0	19	0	5	0	43	0	0
OR4K13	0	36	0	0	0	27	0	0
OR4L1	0	43	0	10	0	143	0	0
OR4K17	0	16	0	5	0	11	0	0
OR4N5	0	48	0	2	0	49	0	0
OR11G2	0	16	0	440	0	31	0	0
OR11H6	0	6	0	9	1	163	0	0
OR11H4	0	108	0	10	0	139	0	0
TTC5	0	116	0	3	0	41	0	0
CCNB1IP1	0	36	0	0	0	22	0	0
PARP2	0	79	0	4	0	70	0	0
TEP1	1	241	0	20	5	471	0	0
KLHL33	1	212	0	47	1	232	0	0
OSGEP	0	3	0	3	0	41	0	0
APEX1	0	0	0	0	0	0	0	0
PIP4P1	0	0	0	0	0	0	0	0
PNP	0	7	0	3	0	25	0	0
RNASE10	0	7	0	4	0	7	0	0
RNASE9	0	23	0	3	0	11	0	0
AL163195.3	0	5	0	0	0	25	0	0
RNASE11	0	5	0	0	0	25	0	0
RNASE12	0	5	0	0	0	25	0	0
OR6S1	0	25	0	4	3	326	0	0
RNASE4	0	21	0	7	0	97	0	0
ANG	0	18	0	4	0	8	0	0
AL163636.2	0	21	0	7	0	97	0	0
EDDM3A	0	23	0	2	0	63	0	0
EDDM3B	0	8	0	3	0	8	0	0
RNASE6	0	10	0	1	0	6	0	0
RNASE1	0	4	0	1	0	32	0	0
RNASE3	0	4	0	1	0	127	0	0
RNASE2	0	91	0	20	0	20	0	0
METTL17	0	12	0	3	2	111	0	0
SLC39A2	0	42	0	4	0	80	0	0
NDRG2	0	56	0	19	0	86	0	0
TPPP2	0	5	0	16	0	19	0	0
RNASE13	0	0	0	0	0	0	0	0
RNASE7	0	10	0	1	0	1	0	0
RNASE8	0	5	0	2	0	4	0	0
ARHGEF40	0	183	0	2	2	449	0	0
ZNF219	0	0	0	0	0	0	0	0
TMEM253	0	0	0	0	0	0	0	0
OR5AU1	0	43	0	5	0	43	0	0
HNRNPC	0	19	0	1	0	9	0	0
RPGRIP1	0	46	0	4	1	100	0	0
SUPT16H	0	107	0	2	0	73	0	0
CHD8	0	225	0	1	1	70	0	0
RAB2B	0	61	0	1	0	12	0	0
TOX4	0	23	0	0	0	6	0	0
METTL3	0	77	0	13	0	84	0	0
SALL2	0	78	0	12	0	48	0	0
OR10G3	0	28	0	1	1	175	0	0
OR10G2	0	63	0	2	0	385	0	0
OR4E2	0	127	0	1	1	113	0	0
OR4E1	0	0	0	0	0	0	0	0
TRDV1	0	0	0	0	0	0	0	0
DAD1	0	5	0	0	0	8	0	0
ABHD4	0	17	0	2	0	39	0	0
OR6J1	0	0	0	0	0	0	0	0
OXA1L	1	69	0	101	0	208	0	0
SLC7A7	0	65	0	1	0	15	0	0
MRPL52	0	0	0	0	0	0	0	0
MMP14	0	140	0	0	1	94	0	0
LRP10	0	47	0	3	0	220	0	0
REM2	0	117	0	22	0	38	0	0
RBM23	0	0	0	2	0	0	0	0
PRMT5	0	42	0	3	0	32	0	0
HAUS4	0	120	0	8	0	20	0	0
AL132780.3	0	161	0	9	0	68	0	0
AJUBA	0	42	0	1	0	49	0	0
C14orf93	0	69	0	3	0	58	0	0
PSMB5	0	3	0	0	0	4	0	0
PSMB11	0	0	0	0	0	0	0	0
CDH24	0	44	0	6	0	226	0	0
ACIN1	0	1380	0	3	0	260	0	0
C14orf119	0	1	0	2	0	19	0	0
LMLN2	0	0	0	0	0	0	0	0
CEBPE	0	25	0	0	1	176	0	0
SLC7A8	0	40	0	1	1	202	0	0
RNF212B	0	8	0	2	0	14	0	0
HOMEZ	0	1248	0	72	0	124	0	0
PPP1R3E	0	12	0	0	0	26	0	0
BCL2L2	0	29	0	0	0	38	0	0
BCL2L2-PABPN1	0	34	0	55	0	63	0	0
PABPN1	0	16	0	55	0	51	0	0
SLC22A17	0	0	0	0	0	0	0	0
EFS	0	316	0	7	1	143	0	0
IL25	0	13	0	2	0	26	0	0
CMTM5	0	0	0	0	0	0	0	0
MYH6	8	636	0	8	5	554	0	0
MYH7	0	341	0	5	1	174	0	0
NGDN	0	43	0	13	0	83	0	0
ZFHX2	0	155	0	5	0	209	0	0
THTPA	0	49	0	0	0	28	0	0
AP1G2	0	24	0	2	0	56	0	0
JPH4	0	167	0	0	0	22	0	0
DHRS2	0	78	0	8	0	249	0	0
DHRS4	0	29	0	7	0	51	0	0
DHRS4L2	0	110	0	6	0	62	0	0
CARMIL3	0	181	0	9	3	332	0	0
CPNE6	0	0	0	0	0	0	0	0
NRL	0	258	1	159	0	188	0	0
PCK2	0	130	1	158	0	182	0	0
DCAF11	0	7	0	0	0	4	0	0
AL136295.3	0	0	0	0	0	0	0	0
FITM1	0	0	0	0	0	0	0	0
PSME1	0	22	0	0	0	52	0	0
EMC9	0	0	0	0	0	0	0	0
PSME2	0	0	0	0	0	0	0	0
RNF31	0	13	0	0	0	18	0	0
AL136295.5	0	17	0	0	0	20	0	0
IRF9	0	4	0	0	0	2	0	0
REC8	0	4	0	1	0	67	0	0
IPO4	0	114	0	2	0	36	0	0
AL136295.4	1	160	0	2	0	54	0	0
TM9SF1	0	67	0	1	2	214	0	0
AL136295.1	0	77	0	6	3	346	0	0
TSSK4	0	10	0	5	0	136	0	0
CHMP4A	0	0	0	0	0	0	0	0
MDP1	0	0	0	0	0	0	0	0
NEDD8-MDP1	0	13	0	1	0	1	0	0
NEDD8	0	13	0	1	0	1	0	0
GMPR2	0	0	0	0	0	0	0	0
TINF2	2	242	0	0	0	17	0	0
TGM1	1	130	0	10	0	187	0	0
RABGGTA	0	25	0	2	0	59	0	0
DHRS1	0	14	0	0	0	20	0	0
NOP9	0	134	0	15	0	29	0	0
CIDEB	0	132	0	15	0	27	0	0
LTB4R2	0	132	0	15	0	14	0	0
LTB4R	0	0	0	0	0	0	0	0
ADCY4	1	305	0	19	0	243	0	0
AL096870.1	0	7	0	105	0	2	0	0
RIPK3	0	29	0	107	0	12	0	0
NFATC4	0	148	0	0	1	253	0	0
NYNRIN	0	182	0	4	1	120	0	0
CBLN3	0	4	0	0	0	0	0	0
KHNYN	0	112	0	7	0	47	0	0
SDR39U1	0	0	0	0	0	0	0	0
CMA1	0	12	0	4	0	54	0	0
CTSG	0	74	0	4	0	8	0	0
GZMH	0	9	0	5	0	44	0	0
GZMB	0	43	0	0	0	10	0	0
STXBP6	0	65	0	0	0	11	0	0
NOVA1	0	39	0	1	0	11	0	0
FOXG1	0	124	0	0	0	45	0	0
PRKD1	0	135	0	0	0	137	0	0
G2E3	0	19	0	20	1	237	0	0
SCFD1	0	7	0	2	0	40	0	0
COCH	0	27	0	4	0	127	0	0
STRN3	0	23	0	0	0	73	0	0
AP4S1	0	5	0	6	0	26	0	0
HECTD1	0	331	0	0	0	181	0	0
HEATR5A	0	73	0	48	4	424	0	0
AL139353.1	0	43	0	28	0	139	0	0
DTD2	0	2	0	1	0	10	0	0
GPR33	0	70	0	9	0	26	0	0
NUBPL	0	11	0	1	0	179	0	0
ARHGAP5	0	86	0	10	0	142	0	0
AKAP6	2	259	0	6	1	297	0	0
NPAS3	0	141	0	1	0	76	0	0
EGLN3	0	13	0	5	0	21	0	0
SPTSSA	0	3	0	5	0	8	0	0
EAPP	0	11	0	3	0	64	0	0
SNX6	0	45	0	4	0	16	0	0
CFL2	0	6	0	0	0	9	0	0
BAZ1A	0	112	0	3	0	98	0	0
SRP54	0	164	0	0	0	7	0	0
FAM177A1	0	150	0	23	0	86	0	0
PPP2R3C	0	17	0	13	0	34	0	0
KIAA0391	0	91	0	8	1	102	0	0
AL121594.1	0	134	0	8	1	129	0	0
PSMA6	0	43	0	0	0	28	0	0
NFKBIA	0	25	0	0	0	27	0	0
INSM2	0	0	0	0	0	0	0	0
RALGAPA1	3	303	0	6	5	358	0	0
BRMS1L	0	2	0	0	0	30	0	0
MBIP	0	17	0	2	0	30	0	0
SFTA3	0	0	0	0	0	0	0	0
NKX2-1	0	10	0	1	0	31	0	0
NKX2-8	0	20	0	5	0	26	0	0
PAX9	0	167	0	1	0	41	0	0
SLC25A21	0	10	0	5	0	64	0	0
MIPOL1	0	43	0	5	0	31	0	0
FOXA1	3	237	0	0	0	98	0	0
TTC6	1	125	0	93	0	66	0	0
SSTR1	0	46	0	2	0	34	0	0
CLEC14A	0	167	0	0	0	42	0	0
SEC23A	0	36	0	1	0	55	0	0
GEMIN2	1	76	0	1	0	48	0	0
TRAPPC6B	0	5	0	1	1	28	0	0
PNN	0	93	0	4	0	157	0	0
MIA2	0	98	0	468	3	379	0	0
FBXO33	0	52	0	2	0	78	0	0
LRFN5	0	64	0	1	0	84	0	0
FSCB	0	41	0	43	0	15	0	0
C14orf28	0	5	0	6	0	33	0	0
KLHL28	1	103	0	3	1	188	0	0
TOGARAM1	0	65	0	3	0	108	0	0
PRPF39	0	58	0	1	0	73	0	0
FKBP3	0	3	0	0	0	14	0	0
FANCM	0	127	0	38	1	153	0	0
MIS18BP1	0	35	0	40	0	93	0	0
RPL10L	0	15	0	5	0	27	0	0
MDGA2	0	96	0	5	0	72	0	0
RPS29	0	4	0	1	0	1	0	0
LRR1	0	29	0	17	0	40	0	0
RPL36AL	0	0	0	0	0	0	0	0
MGAT2	0	0	0	0	0	0	0	0
DNAAF2	0	127	0	4	0	54	0	0
POLE2	0	20	0	10	0	68	0	0
KLHDC1	0	24	0	2	0	40	0	0
KLHDC2	0	24	0	0	0	30	0	0
NEMF	0	49	0	3	0	60	0	0
ARF6	0	28	0	0	0	4	0	0
VCPKMT	0	1	0	1	0	0	0	0
SOS2	0	131	0	1	1	235	0	0
L2HGDH	0	13	0	4	0	30	0	0
ATP5S	0	27	0	10	0	14	0	0
CDKL1	0	16	0	11	0	33	0	0
MAP4K5	0	38	0	5	0	193	0	0
ATL1	0	27	0	2	0	17	0	0
SAV1	0	56	0	0	0	62	0	0
NIN	1	127	0	12	4	229	0	0
PYGL	1	126	0	13	3	415	0	0
ABHD12B	0	15	0	5	0	32	0	0
TRIM9	0	60	0	0	0	77	0	0
TMX1	0	0	0	0	0	0	0	0
FRMD6	0	42	0	2	0	80	0	0
GNG2	0	33	0	0	0	3	0	0
RTRAF	0	8	0	6	0	70	0	0
NID2	2	235	0	24	5	494	0	0
PTGDR	0	106	0	1	0	36	0	0
PTGER2	1	50	0	0	0	157	0	0
TXNDC16	0	44	0	1	0	1037	0	0
GPR137C	0	32	0	0	0	14	0	0
ERO1A	0	47	0	1	0	45	0	0
PSMC6	0	174	0	3	0	13	0	0
STYX	0	11	0	1	0	25	0	0
GNPNAT1	0	10	0	0	0	7	0	0
FERMT2	0	79	0	0	0	157	0	0
DDHD1	0	104	0	5	0	99	0	0
BMP4	0	88	0	0	0	42	0	0
CDKN3	0	0	0	0	0	0	0	0
CNIH1	0	1	0	1	0	4	0	0
GMFB	0	4	0	0	0	3	0	0
CGRRF1	0	75	0	1	0	27	0	0
SAMD4A	0	105	0	1	0	183	0	0
GCH1	0	0	0	0	0	0	0	0
WDHD1	0	107	0	13	3	242	0	0
SOCS4	0	37	0	5	0	33	0	0
MAPK1IP1L	0	21	0	0	0	11	0	0
LGALS3	0	133	0	4	0	94	0	0
DLGAP5	0	29	0	3	3	322	0	0
FBXO34	1	219	0	3	0	46	0	0
ATG14	0	60	0	2	0	64	0	0
TBPL2	0	121	0	2	0	11	0	0
KTN1	1	109	0	3	0	108	0	0
PELI2	0	174	0	2	0	80	0	0
TMEM260	0	44	0	5	1	235	0	0
OTX2	0	17	0	0	0	29	0	0
EXOC5	0	19	0	0	1	150	0	0
AP5M1	0	16	0	2	0	81	0	0
NAA30	0	18	0	0	0	11	0	0
CCDC198	0	8	0	24	0	26	0	0
SLC35F4	0	46	0	0	0	46	0	0
ARMH4	0	88	0	19	0	86	0	0
ACTR10	0	12	0	5	0	36	0	0
PSMA3	0	18	0	2	0	14	0	0
ARID4A	0	54	0	96	0	54	0	0
TOMM20L	0	2	0	1	0	4	0	0
TIMM9	0	0	0	0	0	0	0	0
KIAA0586	0	75	0	8	1	176	0	0
DACT1	0	67	0	0	0	112	0	0
DAAM1	0	168	0	5	0	115	0	0
GPR135	0	86	0	8	0	61	0	0
L3HYPDH	0	112	0	11	0	168	0	0
JKAMP	0	19	0	3	0	31	0	0
CCDC175	0	23	0	16	0	117	0	0
RTN1	0	81	0	2	0	79	0	0
LRRC9	0	0	0	0	0	0	0	0
PCNX4	1	89	0	854	0	203	0	0
DHRS7	0	33	0	8	0	84	0	0
PPM1A	0	36	0	1	0	15	0	0
C14orf39	0	157	0	9	3	362	0	0
SIX6	0	28	0	0	1	162	0	0
SIX1	0	21	0	2	0	16	0	0
SIX4	0	35	0	1	0	62	0	0
MNAT1	0	6	0	1	0	7	0	0
TRMT5	0	34	0	23	0	114	0	0
SLC38A6	0	11	0	7	0	39	0	0
PRKCH	0	76	0	0	0	113	0	0
TMEM30B	0	0	0	0	0	0	0	0
AL355916.2	0	22	0	0	0	15	0	0
HIF1A	0	72	0	0	0	247	0	0
SNAPC1	0	17	0	80	3	193	0	0
SYT16	0	77	0	0	0	25	0	0
KCNH5	0	172	0	3	0	104	0	0
RHOJ	0	23	0	3	0	38	0	0
GPHB5	0	5	0	2	0	38	0	0
PPP2R5E	0	29	0	1	0	23	0	0
WDR89	0	10	0	6	0	35	0	0
SGPP1	1	195	0	0	0	28	0	0
SYNE2	6	545	0	27	17	1057	0	0
ESR2	1	389	0	33	5	776	0	0
MTHFD1	0	25	0	0	1	154	0	0
ZBTB25	0	112	0	4	2	288	0	0
AKAP5	0	68	0	0	0	127	0	0
ZBTB1	0	18	0	3	0	26	0	0
HSPA2	0	88	0	1	0	48	0	0
PPP1R36	0	14	0	6	0	70	0	0
PLEKHG3	0	53	0	2	3	375	0	0
SPTB	5	524	0	1	2	524	0	0
CHURC1	0	2	0	3	0	98	0	0
CHURC1-FNTB	0	59	0	6	0	138	0	0
GPX2	0	1	0	2	0	30	0	0
RAB15	0	12	0	2	0	10	0	0
FNTB	0	45	0	1	0	30	0	0
MAX	0	22	0	1	0	34	0	0
FUT8	0	7	0	0	0	35	0	0
CCDC196	0	0	0	0	0	0	0	0
GPHN	0	103	0	1	0	58	0	0
FAM71D	0	18	0	4	0	26	0	0
MPP5	0	75	0	2	1	153	0	0
ATP6V1D	0	69	0	5	2	124	0	0
EIF2S1	0	3	0	0	0	2	0	0
PLEK2	0	49	0	4	0	50	0	0
TMEM229B	0	8	0	0	0	5	0	0
PLEKHH1	1	318	0	6	0	227	0	0
PIGH	0	57	0	4	0	37	0	0
ARG2	0	1	0	0	0	20	0	0
VTI1B	0	5	0	1	0	10	0	0
AL049779.1	0	9	0	1	0	15	0	0
RDH11	0	13	0	0	0	11	0	0
RDH12	0	27	0	12	1	27	0	0
ZFYVE26	5	493	0	16	6	530	0	0
RAD51B	0	18	0	3	0	131	0	0
ZFP36L1	0	39	0	0	0	15	0	0
ACTN1	0	74	0	0	0	109	0	0
DCAF5	1	145	0	1	0	149	0	0
EXD2	0	16	0	3	0	64	0	0
GALNT16	0	45	0	4	1	115	0	0
ERH	0	0	0	0	0	0	0	0
SLC39A9	0	9	0	0	0	23	0	0
PLEKHD1	0	30	0	8	0	75	0	0
CCDC177	1	203	0	0	0	266	0	0
SUSD6	0	58	0	1	0	65	0	0
SRSF5	0	7	0	0	0	2	0	0
SLC10A1	0	57	0	4	0	73	0	0
SMOC1	1	194	0	2	0	65	0	0
SLC8A3	0	56	0	0	1	195	0	0
COX16	0	9	0	2	0	11	0	0
SYNJ2BP-COX16	0	15	0	2	0	35	0	0
SYNJ2BP	0	6	0	0	0	24	0	0
ADAM21	0	0	0	0	0	0	0	0
ADAM20	0	52	0	39	0	87	0	0
MED6	0	18	0	0	0	17	0	0
TTC9	0	14	0	0	0	10	0	0
MAP3K9	0	112	0	6	1	195	0	0
PCNX1	1	300	0	10	2	526	0	0
SIPA1L1	1	316	0	2	0	156	0	0
RGS6	0	38	0	2	0	58	0	0
DPF3	0	139	0	1	0	87	0	0
DCAF4	0	1066	0	3	0	95	0	0
ZFYVE1	0	105	0	1	2	109	0	0
RBM25	0	31	0	0	0	71	0	0
PSEN1	0	24	0	0	0	34	0	0
PAPLN	0	132	0	211	1	282	0	0
NUMB	0	23	0	0	0	23	0	0
HEATR4	4	412	0	23	4	286	0	0
RIOX1	2	201	0	2	1	163	0	0
ACOT1	1	44	0	3	2	28	0	0
ACOT2	0	114	0	2	0	39	0	0
ACOT4	0	32	0	11	0	69	0	0
ACOT6	0	19	0	0	0	15	0	0
DNAL1	0	0	0	0	0	49	0	0
PNMA1	0	0	0	0	0	0	0	0
ELMSAN1	0	164	0	1	0	182	0	0
PTGR2	0	19	0	8	0	46	0	0
AC005520.1	0	31	0	9	0	79	0	0
ZNF410	0	12	0	1	0	33	0	0
FAM161B	0	107	0	8	0	62	0	0
COQ6	0	21	0	3	0	71	0	0
ENTPD5	0	69	0	5	0	67	0	0
BBOF1	0	100	0	9	0	182	0	0
ALDH6A1	0	84	0	4	0	146	0	0
LIN52	0	0	0	0	0	0	0	0
VSX2	0	43	0	2	1	177	0	0
ABCD4	0	73	0	0	1	231	0	0
VRTN	1	77	0	0	0	114	0	0
SYNDIG1L	0	19	0	0	0	35	0	0
NPC2	0	17	0	5	0	26	0	0
ISCA2	0	0	0	0	0	0	0	0
LTBP2	3	491	0	6	3	383	0	0
AREL1	2	131	0	1	1	217	0	0
FCF1	0	67	0	1	0	64	0	0
YLPM1	3	415	0	2	0	308	0	0
PROX2	0	0	0	0	0	0	0	0
DLST	0	10	0	2	0	26	0	0
RPS6KL1	0	129	0	1	0	34	0	0
PGF	0	31	0	1	0	14	0	0
EIF2B2	0	14	0	2	0	98	0	0
MLH3	0	19	0	6	0	97	0	0
ACYP1	0	2	0	0	0	2	0	0
ZC2HC1C	0	16	0	72	0	117	0	0
NEK9	0	83	0	16	0	150	0	0
TMED10	0	7	0	3	0	19	0	0
FOS	0	36	0	1	0	149	0	0
JDP2	0	49	0	1	0	10	0	0
BATF	0	11	0	0	1	49	0	0
FLVCR2	0	1101	0	5	0	37	0	0
TTLL5	1	234	0	18	2	351	0	0
ERG28	0	1	0	1	0	1	0	0
IFT43	0	83	0	8	0	66	0	0
TGFB3	0	50	0	0	0	46	0	0
GPATCH2L	0	62	0	4	0	15	0	0
ESRRB	0	37	0	2	0	55	0	0
VASH1	0	48	0	1	0	72	0	0
ANGEL1	0	31	0	24	0	98	0	0
LRRC74A	0	7	0	10	0	13	0	0
IRF2BPL	0	2194	0	0	0	211	0	0
CIPC	0	26	0	1	0	13	0	0
AC007375.1	0	88	0	1	0	38	0	0
TMEM63C	1	194	0	0	2	200	0	0
ZDHHC22	0	50	0	0	0	13	0	0
NGB	0	25	0	0	0	22	0	0
POMT2	0	104	0	3	0	67	0	0
GSTZ1	0	24	0	2	0	30	0	0
TMED8	0	17	0	1	0	20	0	0
SAMD15	0	3	0	0	0	6	0	0
NOXRED1	0	23	0	1	0	14	0	0
VIPAS39	1	200	0	1	0	84	0	0
AHSA1	0	32	0	0	0	121	0	0
ISM2	0	19	0	1	0	0	0	0
SPTLC2	0	33	0	1	0	102	0	0
ALKBH1	0	11	0	11	0	29	0	0
SLIRP	0	44	0	1	0	19	0	0
SNW1	0	43	0	0	0	13	0	0
C14orf178	0	2	0	18	0	0	0	0
ADCK1	0	44	0	2	1	137	0	0
NRXN3	1	217	0	1	0	151	0	0
DIO2	0	15	0	7	0	10	0	0
CEP128	0	71	0	7	1	306	0	0
TSHR	0	103	0	8	0	205	0	0
GTF2A1	0	1	0	1	0	0	0	0
STON2	1	176	0	5	0	114	0	0
SEL1L	0	105	0	0	0	103	0	0
FLRT2	2	364	0	0	0	157	0	0
GALC	0	121	0	6	0	105	0	0
GPR65	0	9	0	0	0	6	0	0
KCNK10	0	105	0	1	0	91	0	0
SPATA7	2	242	0	10	0	113	0	0
PTPN21	1	391	0	7	1	303	0	0
ZC3H14	0	104	0	2	0	83	0	0
EML5	3	452	0	6	2	1267	0	0
TTC8	0	151	0	1	0	147	0	0
FOXN3	0	143	0	1	0	49	0	0
EFCAB11	0	20	0	0	0	13	0	0
TDP1	0	34	0	7	0	49	0	0
KCNK13	0	45	0	51	2	338	0	0
PSMC1	0	47	0	3	0	16	0	0
NRDE2	0	198	0	10	1	378	0	0
CALM1	0	28	0	1	0	3	0	0
TTC7B	1	204	0	0	0	87	0	0
RPS6KA5	0	80	0	1	0	75	0	0
DGLUCY	0	147	0	4	0	145	0	0
GPR68	0	396	0	23	0	79	0	0
CCDC88C	3	561	0	7	7	585	0	0
PPP4R3A	1	126	0	0	0	24	0	0
CATSPERB	1	314	0	12	0	145	0	0
TC2N	0	17	0	8	0	77	0	0
FBLN5	0	40	0	0	0	108	0	0
TRIP11	0	168	0	24	2	458	0	0
ATXN3	0	12	0	29	0	20	0	0
NDUFB1	0	0	0	0	0	0	0	0
CPSF2	0	87	0	2	0	57	0	0
SLC24A4	0	93	0	5	0	121	0	0
RIN3	1	171	0	7	0	215	0	0
LGMN	0	165	0	4	0	61	0	0
GOLGA5	0	100	0	4	0	330	0	0
CHGA	0	107	0	3	0	121	0	0
ITPK1	2	209	0	0	0	74	0	0
MOAP1	0	0	0	0	0	0	0	0
TMEM251	0	30	0	0	0	64	0	0
AL110118.2	0	34	0	0	0	73	0	0
GON7	0	0	0	0	0	0	0	0
UBR7	0	7	0	1	0	24	0	0
BTBD7	0	115	0	0	0	318	0	0
UNC79	0	203	0	1	0	209	0	0
COX8C	0	0	0	0	0	0	0	0
PRIMA1	0	940	0	0	0	12	0	0
FAM181A	0	170	0	2	0	112	0	0
ASB2	0	52	0	13	0	71	0	0
CCDC197	0	0	0	0	0	0	0	0
OTUB2	0	26	0	5	0	25	0	0
DDX24	0	166	0	2	0	96	0	0
IFI27L1	0	34	0	5	0	2	0	0
IFI27	0	0	0	0	0	0	0	0
IFI27L2	1	62	0	1	0	2	0	0
PPP4R4	0	80	0	2	0	87	0	0
SERPINA10	0	37	0	201	0	87	0	0
SERPINA6	0	41	0	0	0	93	0	0
SERPINA1	0	57	0	4	1	151	0	0
SERPINA11	0	100	0	0	0	71	0	0
SERPINA9	0	80	0	56	0	144	0	0
SERPINA12	0	16	0	147	1	147	0	0
SERPINA4	0	193	0	17	0	19	0	0
SERPINA5	0	256	0	18	1	137	0	0
AL049839.2	2	334	0	13	0	19	0	0
SERPINA3	2	313	0	13	0	15	0	0
GSC	0	127	0	0	0	19	0	0
DICER1	0	205	0	2	0	193	0	0
CLMN	0	67	0	8	1	272	0	0
SYNE3	0	164	0	5	3	260	0	0
GLRX5	0	9	0	0	0	16	0	0
TCL1B	0	31	0	3	0	3	0	0
TCL1A	0	13	0	1	0	16	0	0
TUNAR	0	0	0	0	0	0	0	0
C14orf132	0	16	0	0	1	77	0	0
BDKRB2	0	57	0	2	0	58	0	0
AL355102.2	0	88	0	3	0	76	0	0
BDKRB1	1	125	0	42	0	144	0	0
ATG2B	0	183	0	5	3	333	0	0
GSKIP	0	0	0	0	0	0	0	0
AK7	0	68	0	5	1	174	0	0
PAPOLA	0	123	0	0	0	26	0	0
VRK1	0	16	0	3	0	43	0	0
C14orf177	0	2	0	4	0	1	0	0
BCL11B	0	96	0	0	0	69	0	0
SETD3	0	53	0	1	0	35	0	0
CCNK	0	27	0	0	0	27	0	0
CCDC85C	0	45	0	0	0	45	0	0
HHIPL1	1	85	0	6	0	108	0	0
CYP46A1	0	30	0	0	0	20	0	0
EML1	0	115	0	0	0	52	0	0
EVL	0	188	0	107	0	86	0	0
DEGS2	1	83	0	0	0	22	0	0
YY1	1	37	0	0	0	66	0	0
SLC25A29	0	112	0	8	0	68	0	0
SLC25A47	0	155	0	0	0	124	0	0
WARS	0	158	0	0	0	52	0	0
WDR25	0	56	0	4	0	60	0	0
BEGAIN	0	141	0	1	1	175	0	0
DLK1	0	61	0	0	0	49	0	0
RTL1	0	0	0	0	0	0	0	0
DIO3	0	0	0	0	0	0	0	0
PPP2R5C	0	17	0	0	0	24	0	0
DYNC1H1	10	602	0	6	2	285	0	0
HSP90AA1	0	202	0	2	0	29	0	0
WDR20	0	27	0	2	1	23	0	0
MOK	0	39	0	14	0	175	0	0
ZNF839	0	218	0	5	0	41	0	0
CINP	0	9	0	0	0	17	0	0
TECPR2	0	87	0	0	0	259	0	0
ANKRD9	0	42	0	3	0	34	0	0
RCOR1	0	40	0	0	0	20	0	0
TRAF3	0	142	0	0	0	66	0	0
AMN	0	146	0	0	0	24	0	0
CDC42BPB	4	564	0	9	0	126	0	0
LBHD2	0	0	0	0	0	0	0	0
EXOC3L4	1	152	0	8	4	420	0	0
TNFAIP2	0	56	0	5	0	38	0	0
EIF5	0	30	0	0	0	17	0	0
MARK3	0	40	0	2	1	117	0	0
CKB	0	23	0	1	0	12	0	0
TRMT61A	1	45	0	2	0	16	0	0
BAG5	0	12	0	4	0	49	0	0
KLC1	0	48	0	4	0	27	0	0
APOPT1	0	7	0	0	0	4	0	0
AL139300.1	0	47	0	1	0	19	0	0
XRCC3	0	0	0	2	0	1	0	0
ZFYVE21	0	7	0	3	0	13	0	0
PPP1R13B	0	93	0	1	0	99	0	0
ATP5MPL	0	1	0	0	0	2	0	0
TDRD9	1	276	0	9	0	249	0	0
RD3L	0	0	0	0	0	0	0	0
ASPG	0	150	0	10	0	65	0	0
KIF26A	9	741	0	2	3	386	0	0
TMEM179	0	1233	0	3	0	27	0	0
C14orf180	0	1211	0	2	0	14	0	0
INF2	2	299	0	15	0	81	0	0
ADSSL1	0	61	0	4	0	82	0	0
SIVA1	0	13	0	0	0	117	0	0
AKT1	1	138	0	1	0	19	0	0
ZBTB42	0	29	0	1	0	22	0	0
CEP170B	1	289	0	1	1	280	0	0
PLD4	0	29	0	4	0	25	0	0
AHNAK2	169	4329	1	27	19	750	0	0
CLBA1	0	22	0	17	0	7	0	0
CDCA4	0	31	0	0	0	162	0	0
GPR132	0	129	0	3	0	21	0	0
JAG2	1	336	0	0	0	154	0	0
NUDT14	0	0	0	0	0	0	0	0
BRF1	5	453	0	5	0	52	0	0
BTBD6	0	0	0	0	0	0	0	0
PACS2	1	286	0	1	0	99	0	0
TEX22	0	78	0	0	0	5	0	0
MTA1	0	152	0	1	0	35	0	0
CRIP2	0	50	0	1	0	17	0	0
CRIP1	0	0	0	0	0	0	0	0
AL928654.3	0	14	0	4	0	24	0	0
TEDC1	0	40	0	8	0	159	0	0
TMEM121	0	66	0	0	0	52	0	0
IGHD	0	0	0	0	0	0	0	0
IGHV3-72	0	0	0	0	0	0	0	0
