#Gene	syn.obs	syn.haps	lgd.obs	lgd.haps	dmis.obs	dmis.haps	lgd/dmis.obs	lgd/dmis.haps
OR4F5	0	9	0	0	1	4	0	0
OR4F29	0	0	0	0	0	0	0	0
OR4F16	0	0	0	0	0	0	0	0
SAMD11	0	43	0	0	0	35	0	0
NOC2L	0	167	0	13	0	109	0	0
KLHL17	0	139	0	3	0	23	0	0
PLEKHN1	0	0	0	0	0	0	0	0
PERM1	3	560	0	13	0	66	0	0
HES4	0	17	0	3	0	85	0	0
ISG15	0	32	0	3	0	14	0	0
AGRN	12	758	0	7	7	791	0	0
RNF223	0	0	0	0	0	0	0	0
C1orf159	0	21	0	0	0	46	0	0
TTLL10	1	172	0	88	0	59	0	0
TNFRSF18	0	52	0	6	0	28	0	0
TNFRSF4	0	1	0	0	0	1	0	0
SDF4	0	38	0	3	0	9	0	0
B3GALT6	0	0	0	0	0	0	0	0
C1QTNF12	0	56	0	16	0	37	0	0
UBE2J2	1	258	0	0	0	5	0	0
SCNN1D	2	390	0	24	0	85	0	0
ACAP3	0	78	0	0	1	139	0	0
PUSL1	0	0	0	0	0	0	0	0
INTS11	0	0	0	5	0	0	0	0
CPTP	0	0	0	0	0	0	0	0
TAS1R3	2	402	0	7	1	154	0	0
DVL1	1	54	0	1	0	42	0	0
MXRA8	1	80	0	6	0	112	0	0
AURKAIP1	0	17	0	4	0	55	0	0
CCNL2	0	138	0	2	0	24	0	0
MRPL20	0	9	0	2	0	12	0	0
ANKRD65	0	19	0	1	0	6	0	0
TMEM88B	0	37	0	2	0	15	0	0
VWA1	0	11	0	6	0	3	0	0
ATAD3C	2	211	0	3	4	263	0	0
ATAD3B	2	1249	0	54	3	287	0	0
ATAD3A	2	464	0	10	1	280	0	0
TMEM240	0	0	0	0	0	0	0	0
SSU72	0	30	0	1	0	4	0	0
FNDC10	0	23	0	0	0	20	0	0
MIB2	0	268	0	20	1	204	0	0
MMP23B	0	0	0	0	0	0	0	0
CDK11B	3	240	0	0	0	99	0	0
SLC35E2B	0	0	0	0	0	0	0	0
CDK11A	0	513	0	7	0	37	0	0
SLC35E2A	0	0	0	1	0	0	0	0
NADK	0	41	0	1	0	64	0	0
GNB1	0	68	0	0	0	8	0	0
CALML6	0	44	0	3	0	13	0	0
TMEM52	0	0	0	0	0	0	0	0
CFAP74	0	7	0	1	0	16	0	0
GABRD	0	152	0	0	0	50	0	0
PRKCZ	0	140	0	2	0	53	0	0
FAAP20	0	4	0	1	0	0	0	0
SKI	7	388	0	0	0	66	0	0
MORN1	0	45	0	7	0	118	0	0
RER1	0	3	0	0	0	3	0	0
PEX10	0	124	0	7	0	54	0	0
PLCH2	6	646	0	14	2	289	0	0
PANK4	1	238	0	3	0	65	0	0
HES5	0	10	0	0	0	30	0	0
TNFRSF14	0	104	0	1	0	6	0	0
PRXL2B	0	2	0	0	0	8	0	0
MMEL1	0	70	0	12	1	233	0	0
TTC34	0	151	0	5	0	72	0	0
ACTRT2	0	60	0	0	0	26	0	0
PRDM16	5	485	0	18	1	378	0	0
ARHGEF16	0	57	0	5	0	152	0	0
MEGF6	1	361	0	23	2	231	0	0
TPRG1L	0	9	0	0	0	8	0	0
WRAP73	0	83	0	2	0	107	0	0
TP73	0	98	0	1	0	52	0	0
CCDC27	0	304	0	40	0	54	0	0
SMIM1	0	0	0	0	0	0	0	0
LRRC47	0	133	0	2	0	77	0	0
CEP104	0	203	0	55	0	145	0	0
DFFB	0	43	0	1	0	28	0	0
C1orf174	0	31	0	0	0	89	0	0
AJAP1	0	95	0	0	0	64	0	0
NPHP4	1	182	0	13	0	299	0	0
KCNAB2	0	114	0	0	0	22	0	0
CHD5	2	249	0	1	1	199	0	0
AL031847.2	0	20	0	0	0	15	0	0
RPL22	0	141	0	0	0	34	0	0
RNF207	0	165	0	2	0	105	0	0
ICMT	0	19	0	1	0	86	0	0
HES3	0	0	0	0	0	0	0	0
GPR153	1	56	0	3	0	93	0	0
ACOT7	1	132	0	6	0	27	0	0
HES2	0	11	0	1	0	7	0	0
ESPN	0	211	0	4	0	236	0	0
TNFRSF25	0	0	0	0	0	0	0	0
PLEKHG5	0	221	0	8	2	330	0	0
NOL9	0	27	0	1	0	19	0	0
TAS1R1	0	23	0	6	0	26	0	0
ZBTB48	0	31	0	1	0	9	0	0
KLHL21	0	76	0	1	0	71	0	0
PHF13	0	8	0	0	0	5	0	0
THAP3	0	12	0	2	0	84	0	0
DNAJC11	0	35	0	0	0	32	0	0
CAMTA1	1	269	0	3	3	277	0	0
VAMP3	0	4	0	0	0	4	0	0
PER3	2	190	0	10	1	140	0	0
UTS2	0	17	0	2	0	10	0	0
TNFRSF9	0	26	0	2	0	4	0	0
PARK7	0	17	0	0	0	13	0	0
ERRFI1	1	49	0	10	0	45	0	0
SLC45A1	2	220	0	2	0	97	0	0
RERE	5	412	0	75	0	241	0	0
ENO1	0	27	0	5	0	94	0	0
CA6	0	30	0	7	1	27	0	0
SLC2A7	0	234	0	8	1	277	0	0
SLC2A5	0	18	0	3	0	15	0	0
GPR157	0	110	0	0	0	78	0	0
H6PD	2	252	0	9	4	215	0	0
SPSB1	0	26	0	1	0	19	0	0
SLC25A33	0	16	0	0	0	33	0	0
TMEM201	0	211	0	2	0	99	0	0
PIK3CD	0	355	0	0	1	85	0	0
CLSTN1	0	110	0	2	0	84	0	0
CTNNBIP1	0	56	0	0	0	13	0	0
LZIC	0	2	0	0	0	3	0	0
NMNAT1	0	3	0	5	0	32	0	0
RBP7	0	10	0	2	0	43	0	0
UBE4B	0	67	0	0	1	86	0	0
KIF1B	1	245	0	0	0	173	0	0
PGD	0	39	0	2	0	37	0	0
CENPS-CORT	0	10	0	4	0	30	0	0
CENPS	0	5	0	3	0	24	0	0
CORT	0	5	0	1	0	6	0	0
DFFA	0	12	0	3	1	88	0	0
PEX14	0	164	0	0	0	56	0	0
CASZ1	1	191	0	0	5	393	0	0
C1orf127	0	98	0	19	0	93	0	0
TARDBP	0	63	0	0	0	18	0	0
AL109811.4	0	63	0	0	0	18	0	0
MASP2	0	65	0	4	0	94	0	0
SRM	0	36	0	0	0	21	0	0
EXOSC10	0	70	0	3	0	71	0	0
MTOR	2	381	0	5	0	186	0	0
ANGPTL7	0	0	0	0	0	0	0	0
UBIAD1	0	14	0	2	0	14	0	0
DISP3	2	270	0	3	1	180	0	0
FBXO2	0	48	0	0	0	8	0	0
FBXO44	0	15	0	1	0	85	0	0
FBXO6	0	5	0	0	0	43	0	0
MAD2L2	0	30	0	1	0	8	0	0
DRAXIN	1	89	0	2	0	154	0	0
AGTRAP	0	14	0	1	0	41	0	0
C1orf167	1	214	0	758	0	36	0	0
MTHFR	0	109	0	4	0	4	0	0
CLCN6	0	65	0	0	0	120	0	0
NPPA	0	0	0	0	0	0	0	0
NPPB	0	163	0	1	0	1	0	0
KIAA2013	0	47	0	0	3	346	0	0
PLOD1	1	150	0	8	0	217	0	0
MFN2	0	121	0	2	1	256	0	0
MIIP	0	32	0	13	0	22	0	0
TNFRSF8	0	209	0	0	0	32	0	0
TNFRSF1B	0	42	0	0	0	15	0	0
VPS13D	1	324	0	6	2	582	0	0
DHRS3	0	13	0	0	0	17	0	0
AADACL4	0	48	0	2	0	119	0	0
AADACL3	1	53	0	6	0	184	0	0
C1orf158	0	13	0	1	0	20	0	0
PRAMEF12	0	83	0	3	0	18	0	0
PRAMEF1	0	209	0	8	0	156	0	0
PRAMEF11	0	16	0	2	0	0	0	0
HNRNPCL1	0	169	1	20	0	20	0	0
PRAMEF2	3	60	0	9	3	128	0	0
PRAMEF4	1	324	1	25	0	21	0	0
PRAMEF10	0	120	0	3	0	102	0	0
PRAMEF7	0	59	0	2	0	6	0	0
PRAMEF6	1	145	0	3	0	18	0	0
PRAMEF27	1	94	0	20	0	11	0	0
HNRNPCL3	0	0	0	0	0	0	0	0
PRAMEF25	0	0	0	0	0	0	0	0
HNRNPCL2	0	27	0	14	0	9	0	0
PRAMEF26	0	0	0	0	0	0	0	0
HNRNPCL4	0	0	0	0	0	0	0	0
PRAMEF9	0	5	0	0	0	1	0	0
PRAMEF13	0	0	0	0	0	0	0	0
PRAMEF18	0	35	0	1	0	31	0	0
PRAMEF5	1	20	0	2	0	0	0	0
PRAMEF8	0	121	0	24	0	7	0	0
PRAMEF33	0	0	0	0	0	0	0	0
PRAMEF15	1	332	0	156	0	39	0	0
PRAMEF14	1	221	0	24	0	45	0	0
PRAMEF19	0	30	0	1	0	81	0	0
PRAMEF17	0	117	0	34	0	59	0	0
PRAMEF20	0	59	0	6	0	13	0	0
LRRC38	0	22	0	13	0	80	0	0
PDPN	0	27	0	1	0	7	0	0
PRDM2	1	111	0	0	0	205	0	0
KAZN	0	169	0	0	0	92	0	0
TMEM51	0	22	0	2	0	44	0	0
FHAD1	0	156	0	73	0	75	0	0
EFHD2	0	47	0	0	0	45	0	0
CTRC	0	4	0	0	0	3	0	0
CELA2A	1	150	0	3	0	70	0	0
CELA2B	0	33	0	3	0	24	0	0
CASP9	0	85	0	3	0	73	0	0
DNAJC16	0	239	0	19	0	183	0	0
AGMAT	0	205	0	16	0	139	0	0
DDI2	0	65	0	0	0	2	0	0
RSC1A1	0	0	0	0	0	0	0	0
PLEKHM2	0	303	0	3	0	57	0	0
SLC25A34	0	27	0	24	0	80	0	0
TMEM82	0	3	0	1	0	7	0	0
FBLIM1	0	60	0	3	0	28	0	0
UQCRHL	0	109	0	0	0	6	0	0
SPEN	5	608	0	4	1	270	0	0
ZBTB17	0	69	0	1	0	46	0	0
SRARP	0	32	0	0	0	3	0	0
HSPB7	0	32	0	4	0	20	0	0
CLCNKA	0	324	0	17	0	70	0	0
CLCNKB	0	383	0	21	0	90	0	0
FAM131C	0	96	0	1	0	208	0	0
EPHA2	1	381	0	5	1	275	0	0
ARHGEF19	0	34	0	6	0	266	0	0
CPLANE2	0	23	0	2	1	126	0	0
FBXO42	0	51	0	0	0	43	0	0
SZRD1	0	6	0	0	0	17	0	0
SPATA21	1	167	0	5	0	25	0	0
NECAP2	0	12	0	1	0	87	0	0
NBPF1	0	83	0	8	0	0	0	0
CROCC	3	524	0	30	4	573	0	0
MFAP2	0	4	0	1	0	18	0	0
ATP13A2	0	376	0	12	0	127	0	0
SDHB	0	163	0	0	0	14	0	0
PADI2	0	61	0	55	0	150	0	0
PADI1	0	55	0	35	0	69	0	0
PADI3	1	212	0	7	1	416	0	0
PADI4	0	98	0	61	0	163	0	0
PADI6	0	106	0	17	0	40	0	0
RCC2	1	341	0	1	0	139	0	0
ARHGEF10L	0	128	0	2	0	153	0	0
ACTL8	0	86	0	12	0	60	0	0
IGSF21	0	189	0	2	0	150	0	0
KLHDC7A	0	52	0	695	1	94	0	0
PAX7	0	48	0	1	0	123	0	0
TAS1R2	2	333	0	8	0	80	0	0
AL080251.1	1	296	0	12	0	273	0	0
ALDH4A1	0	165	0	7	0	171	0	0
IFFO2	0	61	0	0	0	55	0	0
UBR4	9	653	0	2	3	374	0	0
EMC1	1	267	0	8	0	81	0	0
MRTO4	0	108	0	0	0	45	0	0
AKR7L	0	0	0	0	0	0	0	0
AKR7A3	0	108	0	12	0	113	0	0
AKR7A2	0	91	0	4	0	46	0	0
PQLC2	0	81	0	3	0	15	0	0
CAPZB	0	70	0	1	0	8	0	0
MINOS1	0	1	0	1	0	16	0	0
NBL1	0	55	0	5	0	31	0	0
MINOS1-NBL1	0	48	0	1	0	12	0	0
HTR6	1	259	0	1	0	66	0	0
TMCO4	0	67	0	32	1	242	0	0
RNF186	0	71	0	35	0	155	0	0
OTUD3	0	20	0	3	0	78	0	0
PLA2G2E	0	76	0	1	0	19	0	0
PLA2G2A	0	6	0	1	0	3	0	0
PLA2G5	0	55	0	0	0	20	0	0
PLA2G2D	0	8	0	5	0	130	0	0
PLA2G2F	0	18	0	7	0	24	0	0
PLA2G2C	0	9	0	0	0	4	0	0
UBXN10	0	10	0	76	0	8	0	0
VWA5B1	2	309	0	17	0	277	0	0
CAMK2N1	0	7	0	0	0	4	0	0
MUL1	0	134	0	2	0	63	0	0
FAM43B	0	17	0	2	0	20	0	0
CDA	0	11	0	0	0	20	0	0
PINK1	0	52	0	4	0	87	0	0
DDOST	0	0	0	0	0	0	0	0
KIF17	0	149	0	5	2	307	0	0
SH2D5	0	25	0	1	0	72	0	0
HP1BP3	0	21	0	0	0	36	0	0
EIF4G3	2	319	0	3	0	74	0	0
ECE1	0	40	0	1	1	79	0	0
NBPF3	0	2	0	39	0	0	0	0
ALPL	0	25	0	2	0	43	0	0
RAP1GAP	0	142	0	1	0	54	0	0
USP48	1	133	0	0	0	74	0	0
LDLRAD2	0	42	0	3	0	22	0	0
HSPG2	5	562	0	4	12	647	0	0
CELA3B	0	125	0	19	0	80	0	0
CELA3A	0	127	0	8	0	56	0	0
AL031281.2	0	42	0	0	0	0	0	0
CDC42	0	42	0	0	0	0	0	0
WNT4	1	60	0	2	1	23	0	0
ZBTB40	0	64	0	9	0	119	0	0
EPHA8	0	217	0	2	1	418	0	0
C1QA	0	1	0	1	0	3	0	0
C1QC	0	55	0	1	0	19	0	0
C1QB	0	65	0	0	0	26	0	0
EPHB2	0	75	0	0	0	192	0	0
LACTBL1	0	59	0	22	2	168	0	0
TEX46	0	15	0	0	0	5	0	0
KDM1A	0	46	0	1	1	138	0	0
LUZP1	0	257	0	3	1	140	0	0
HTR1D	0	183	0	2	0	45	0	0
HNRNPR	0	133	0	0	0	32	0	0
ZNF436	0	20	0	1	0	22	0	0
TCEA3	0	11	0	6	0	163	0	0
ASAP3	0	215	0	4	0	288	0	0
E2F2	0	20	0	1	1	200	0	0
ID3	0	79	0	0	0	59	0	0
RPL11	0	25	0	0	0	3	0	0
ELOA	1	232	0	8	0	126	0	0
PITHD1	0	59	0	1	0	12	0	0
LYPLA2	0	0	0	0	0	0	0	0
GALE	0	70	0	1	0	18	0	0
HMGCL	0	29	0	0	0	12	0	0
FUCA1	0	45	0	0	0	7	0	0
CNR2	0	16	0	7	0	127	0	0
PNRC2	0	5	0	0	0	29	0	0
SRSF10	0	0	0	0	0	0	0	0
MYOM3	0	168	0	49	1	259	0	0
IL22RA1	0	52	0	4	0	1181	0	0
IFNLR1	0	151	0	3	0	8	0	0
GRHL3	0	179	0	0	0	77	0	0
STPG1	0	26	0	0	0	42	0	0
NIPAL3	0	91	0	1	0	35	0	0
RCAN3	0	4	0	0	0	27	0	0
NCMAP	0	68	0	1	0	12	0	0
SRRM1	1	82	0	2	0	179	0	0
CLIC4	0	9	0	1	0	13	0	0
RUNX3	0	24	0	0	0	26	0	0
SYF2	0	9	0	2	0	34	0	0
RSRP1	0	67	1	9	6	250	0	0
RHD	0	50	1	5	5	90	0	0
TMEM50A	0	4	0	2	0	14	0	0
RHCE	0	29	0	1	0	13	0	0
MACO1	0	53	0	0	0	25	0	0
LDLRAP1	0	84	0	0	0	74	0	0
MAN1C1	0	56	0	2	0	28	0	0
SELENON	0	83	0	18	0	64	0	0
AL020996.2	0	51	0	0	0	41	0	0
MTFR1L	0	18	0	1	0	44	0	0
AUNIP	0	24	0	118	0	11	0	0
PAQR7	0	21	0	2	0	171	0	0
STMN1	0	7	0	0	0	3	0	0
PAFAH2	0	26	0	8	0	90	0	0
EXTL1	0	52	0	26	0	37	0	0
SLC30A2	0	107	0	1	0	16	0	0
TRIM63	0	226	0	13	0	157	0	0
PDIK1L	0	15	0	1	0	9	0	0
FAM110D	0	7	0	1	0	11	0	0
C1orf232	0	0	0	0	0	0	0	0
AL391650.1	0	19	0	4	0	5	0	0
ZNF593	0	19	0	4	0	5	0	0
CNKSR1	0	129	0	9	0	59	0	0
CATSPER4	0	946	0	14	0	34	0	0
CEP85	0	57	0	10	0	154	0	0
SH3BGRL3	0	0	0	0	0	0	0	0
UBXN11	0	127	0	1	0	101	0	0
CD52	0	0	0	0	0	0	0	0
CRYBG2	0	168	0	26	2	308	0	0
ZNF683	0	681	0	2	0	19	0	0
LIN28A	0	27	0	1	0	21	0	0
DHDDS	0	6	0	1	0	23	0	0
HMGN2	0	0	0	0	0	0	0	0
RPS6KA1	0	4	0	0	0	34	0	0
ARID1A	2	398	0	4	2	305	0	0
PIGV	0	53	0	7	0	91	0	0
ZDHHC18	0	43	0	16	0	32	0	0
SFN	0	7	0	0	0	19	0	0
GPN2	0	3	0	0	0	11	0	0
GPATCH3	0	46	0	13	0	160	0	0
NUDC	0	47	0	13	0	56	0	0
NR0B2	0	35	0	3	0	19	0	0
KDF1	0	26	0	0	0	72	0	0
TRNP1	0	7	0	2	0	63	0	0
TENT5B	0	116	0	2	0	33	0	0
SLC9A1	1	193	0	3	0	66	0	0
WDTC1	0	56	0	0	0	58	0	0
TMEM222	0	151	0	2	0	48	0	0
SYTL1	1	179	0	16	1	36	0	0
MAP3K6	0	123	0	46	0	57	0	0
FCN3	0	92	0	41	0	16	0	0
CD164L2	0	0	0	0	0	0	0	0
GPR3	0	31	0	1	0	41	0	0
WASF2	0	13	0	1	0	109	0	0
AHDC1	2	695	0	0	4	442	0	0
FGR	0	97	0	0	0	38	0	0
IFI6	0	55	0	0	0	5	0	0
FAM76A	0	7	0	0	0	16	0	0
STX12	0	7	0	0	0	21	0	0
PPP1R8	0	34	0	0	0	15	0	0
THEMIS2	0	47	0	1	0	24	0	0
RPA2	0	38	1	110	0	107	0	0
SMPDL3B	0	15	0	3	0	15	0	0
XKR8	0	240	0	2	0	22	0	0
EYA3	0	33	0	1	0	30	0	0
PTAFR	0	42	0	1	1	60	0	0
DNAJC8	0	6	0	6	0	10	0	0
ATP5IF1	0	0	0	0	0	0	0	0
SESN2	0	53	0	5	2	194	0	0
MED18	0	10	0	1	0	28	0	0
PHACTR4	0	56	0	8	0	65	0	0
RCC1	0	54	0	1	0	35	0	0
TRNAU1AP	0	11	0	2	0	67	0	0
TAF12	1	110	0	4	0	84	0	0
RAB42	1	54	0	4	0	6	0	0
GMEB1	1	150	0	0	0	110	0	0
YTHDF2	0	51	0	0	0	122	0	0
OPRD1	0	70	0	2	0	37	0	0
EPB41	0	38	0	2	0	226	0	0
TMEM200B	0	0	0	0	0	0	0	0
SRSF4	0	31	0	0	0	70	0	0
MECR	0	48	0	1	2	204	0	0
PTPRU	6	424	0	10	2	390	0	0
MATN1	0	57	0	2	0	83	0	0
LAPTM5	0	15	0	0	0	160	0	0
SDC3	0	76	0	1	0	124	0	0
PUM1	0	174	0	0	0	57	0	0
NKAIN1	0	23	0	0	0	58	0	0
SNRNP40	0	14	0	1	0	46	0	0
ZCCHC17	0	44	0	2	0	6	0	0
FABP3	0	1	0	1	0	4	0	0
SERINC2	0	148	0	6	2	246	0	0
TINAGL1	0	27	0	4	0	38	0	0
HCRTR1	0	145	0	2	1	136	0	0
PEF1	0	11	0	0	0	33	0	0
COL16A1	1	172	0	6	3	477	0	0
ADGRB2	3	373	0	2	2	281	0	0
SPOCD1	0	54	0	18	0	83	0	0
PTP4A2	0	4	0	0	0	5	0	0
KHDRBS1	0	0	0	0	0	0	0	0
TMEM39B	0	143	0	0	0	37	0	0
KPNA6	0	46	0	0	0	19	0	0
TXLNA	0	35	0	2	0	94	0	0
CCDC28B	0	0	0	0	0	0	0	0
IQCC	0	19	0	52	0	24	0	0
DCDC2B	0	0	0	0	0	0	0	0
TMEM234	0	10	0	2	0	25	0	0
EIF3I	0	0	0	0	0	24	0	0
FAM167B	0	0	0	0	0	0	0	0
LCK	0	18	0	25	0	26	0	0
HDAC1	0	49	0	0	0	4	0	0
MARCKSL1	0	30	0	3	0	16	0	0
TSSK3	0	0	0	0	0	0	0	0
FAM229A	0	0	0	0	0	0	0	0
BSDC1	0	50	0	3	0	69	0	0
AL033529.1	0	69	0	5	0	101	0	0
ZBTB8B	0	43	0	2	0	49	0	0
ZBTB8A	0	26	0	3	0	52	0	0
ZBTB8OS	0	1	0	1	0	25	0	0
RBBP4	0	108	0	2	0	14	0	0
SYNC	0	22	0	7	0	152	0	0
KIAA1522	0	63	0	3	0	32	0	0
YARS	0	25	0	4	0	30	0	0
S100PBP	0	1	0	2	0	5	0	0
FNDC5	0	22	0	3	0	34	0	0
HPCA	0	41	1	51	0	16	0	0
TMEM54	0	27	1	51	0	10	0	0
RNF19B	0	99	0	5	0	46	0	0
AK2	0	151	0	6	1	227	0	0
AZIN2	0	37	0	2	0	93	0	0
TRIM62	0	45	0	2	0	73	0	0
ZNF362	3	174	0	2	0	46	0	0
A3GALT2	0	10	0	12	2	322	0	0
PHC2	0	75	0	2	0	88	0	0
ZSCAN20	0	1085	0	4	0	135	0	0
CSMD2	10	701	0	8	12	755	0	0
HMGB4	0	0	0	0	0	0	0	0
C1orf94	0	155	0	5	1	62	0	0
SMIM12	0	108	0	9	1	152	0	0
GJB5	0	27	0	3	1	53	0	0
GJB4	0	0	0	0	0	0	0	0
GJB3	0	45	0	5	0	60	0	0
GJA4	0	35	0	0	0	46	0	0
DLGAP3	2	207	0	1	0	151	0	0
AC114490.3	0	0	0	0	0	0	0	0
AC114490.2	1	130	0	10	0	354	0	0
TMEM35B	0	0	0	0	0	0	0	0
ZMYM6	1	130	0	10	0	354	0	0
ZMYM1	0	48	0	3	0	49	0	0
SFPQ	0	169	0	0	0	52	0	0
ZMYM4	0	77	0	0	0	141	0	0
KIAA0319L	1	349	0	6	0	140	0	0
NCDN	0	23	0	0	0	16	0	0
TFAP2E	1	98	0	6	0	117	0	0
PSMB2	0	3	0	2	1	58	0	0
C1orf216	0	0	0	0	0	0	0	0
CLSPN	1	73	0	8	1	196	0	0
AGO4	0	37	0	0	0	45	0	0
AGO1	0	168	0	0	0	12	0	0
AGO3	1	240	0	0	0	10	0	0
TEKT2	0	72	0	10	0	117	0	0
ADPRHL2	0	0	0	0	0	0	0	0
COL8A2	3	269	0	3	1	196	0	0
TRAPPC3	0	5	0	2	0	3	0	0
MAP7D1	0	184	0	2	0	128	0	0
THRAP3	1	266	0	5	0	103	0	0
SH3D21	0	17	0	0	0	71	0	0
EVA1B	0	17	0	0	0	71	0	0
STK40	0	71	0	1	0	50	0	0
LSM10	0	24	0	0	0	21	0	0
OSCP1	0	24	0	0	0	20	0	0
MRPS15	0	117	0	27	0	13	0	0
CSF3R	0	154	0	10	0	48	0	0
GRIK3	2	284	0	0	0	77	0	0
ZC3H12A	1	88	0	0	0	49	0	0
MEAF6	0	11	0	1	0	12	0	0
SNIP1	0	10	0	2	0	159	0	0
DNALI1	0	5	0	6	0	53	0	0
GNL2	0	38	0	9	0	81	0	0
RSPO1	0	29	0	1	0	41	0	0
C1orf109	0	8	0	16	0	2	0	0
CDCA8	0	31	0	1	0	61	0	0
EPHA10	2	217	0	16	1	294	0	0
MANEAL	0	5	0	2	0	14	0	0
YRDC	0	0	0	0	0	0	0	0
C1orf122	0	0	0	0	0	0	0	0
MTF1	0	18	0	0	0	147	0	0
INPP5B	0	145	0	54	0	87	0	0
SF3A3	0	59	0	0	0	12	0	0
FHL3	0	14	0	17	0	129	0	0
UTP11	0	109	0	5	0	31	0	0
POU3F1	0	95	0	0	0	17	0	0
RRAGC	0	51	0	3	0	27	0	0
MYCBP	0	1	0	0	0	2	0	0
GJA9-MYCBP	0	24	0	8	0	64	0	0
GJA9	0	23	0	8	0	62	0	0
RHBDL2	0	14	0	35	0	30	0	0
AKIRIN1	0	70	0	0	0	11	0	0
NDUFS5	0	1	0	1	0	4	0	0
MACF1	6	557	0	6	17	978	0	0
BMP8A	0	46	0	7	2	50	0	0
PABPC4	0	11	0	0	0	4	0	0
HEYL	0	84	0	10	0	59	0	0
NT5C1A	0	64	0	4	0	83	0	0
HPCAL4	0	42	0	1	0	27	0	0
PPIE	0	93	0	2	0	29	0	0
BMP8B	1	48	0	5	0	56	0	0
OXCT2	1	32	0	4	0	46	0	0
TRIT1	0	11	0	35	0	32	0	0
MYCL	0	21	0	1	0	61	0	0
MFSD2A	0	32	0	1	0	38	0	0
CAP1	1	111	0	2	0	37	0	0
PPT1	0	7	0	2	0	2	0	0
RLF	1	295	0	9	0	177	0	0
TMCO2	0	21	0	11	0	2	0	0
ZMPSTE24	0	18	0	11	0	26	0	0
COL9A2	0	63	0	5	0	135	0	0
SMAP2	1	64	0	5	1	35	0	0
ZFP69B	0	20	0	4	0	250	0	0
ZFP69	0	203	0	29	1	103	0	0
EXO5	0	31	0	11	0	19	0	0
ZNF684	0	14	0	0	0	0	0	0
RIMS3	0	19	0	0	0	85	0	0
NFYC	0	125	0	1	0	21	0	0
KCNQ4	0	131	0	0	0	73	0	0
CITED4	0	85	0	0	0	102	0	0
CTPS1	0	18	0	7	0	14	0	0
SLFNL1	0	121	0	109	0	114	0	0
SCMH1	0	62	0	17	0	132	0	0
FOXO6	0	0	0	0	0	0	0	0
EDN2	0	44	0	7	0	14	0	0
HIVEP3	3	505	0	5	2	363	0	0
AC119676.1	0	0	0	0	0	0	0	0
GUCA2B	0	7	0	0	0	9	0	0
GUCA2A	0	25	0	9	0	46	0	0
FOXJ3	0	27	0	2	0	33	0	0
RIMKLA	0	6	0	0	0	8	0	0
ZMYND12	0	1	0	6	0	28	0	0
PPCS	0	0	0	1	0	13	0	0
CCDC30	0	24	0	25	0	56	0	0
PPIH	0	5	0	2	0	19	0	0
YBX1	0	49	0	0	0	87	0	0
CLDN19	0	11	0	0	0	28	0	0
P3H1	0	65	0	2	0	111	0	0
C1orf50	0	2	0	9	0	10	0	0
AC098484.3	0	9	0	13	0	16	0	0
TMEM269	0	10	0	5	0	12	0	0
SVBP	0	0	0	0	0	1	0	0
ERMAP	0	0	0	0	0	0	0	0
ZNF691	0	61	0	0	0	22	0	0
SLC2A1	0	9	0	0	0	4	0	0
FAM183A	0	9	0	33	0	7	0	0
EBNA1BP2	1	146	0	11	2	294	0	0
CFAP57	1	129	0	9	2	276	0	0
TMEM125	0	35	0	12	1	117	0	0
C1orf210	0	9	0	2	0	10	0	0
TIE1	0	117	0	5	0	163	0	0
MPL	0	25	0	8	0	76	0	0
CDC20	0	55	0	7	0	120	0	0
ELOVL1	0	0	0	0	0	0	0	0
MED8	0	13	0	2	0	40	0	0
SZT2	0	187	0	8	0	196	0	0
HYI	0	110	0	4	0	100	0	0
PTPRF	2	291	0	8	1	376	0	0
AL451062.3	4	291	0	0	0	198	0	0
KDM4A	1	128	0	0	0	157	0	0
ST3GAL3	2	163	0	0	0	41	0	0
ARTN	0	13	0	0	0	12	0	0
IPO13	0	66	0	3	1	104	0	0
DPH2	0	0	0	0	0	0	0	0
ATP6V0B	0	2	0	0	0	7	0	0
B4GALT2	0	21	0	1	1	17	0	0
CCDC24	0	0	0	0	0	0	0	0
SLC6A9	1	173	0	1	0	68	0	0
KLF17	1	127	0	3	0	5	0	0
KLF18	0	0	0	0	0	0	0	0
DMAP1	0	87	0	4	1	88	0	0
ERI3	1	109	0	0	0	35	0	0
RNF220	0	204	0	2	0	61	0	0
TMEM53	0	194	0	1	0	39	0	0
ARMH1	0	0	0	2	0	0	0	0
KIF2C	3	356	0	3	0	102	0	0
RPS8	0	0	0	0	0	0	0	0
BEST4	0	85	0	12	0	96	0	0
PLK3	0	26	0	0	0	1	0	0
TCTEX1D4	1	95	0	70	0	27	0	0
BTBD19	0	22	0	1	0	9	0	0
PTCH2	0	246	0	6	1	258	0	0
EIF2B3	0	78	0	0	0	57	0	0
HECTD3	1	82	0	1	0	48	0	0
UROD	0	237	0	5	0	140	0	0
ZSWIM5	0	135	0	1	2	377	0	0
HPDL	0	22	0	1	0	18	0	0
MUTYH	0	3	0	0	0	0	0	0
TOE1	0	0	0	0	0	0	0	0
TESK2	0	24	0	5	0	71	0	0
CCDC163	0	0	0	0	0	0	0	0
MMACHC	0	2	0	2	0	13	0	0
PRDX1	0	16	0	4	0	16	0	0
AKR1A1	0	106	0	9	0	70	0	0
NASP	0	87	0	1	0	177	0	0
CCDC17	0	0	0	0	0	0	0	0
GPBP1L1	0	41	0	1	0	87	0	0
TMEM69	0	0	0	0	0	0	0	0
IPP	0	26	0	84	0	67	0	0
MAST2	1	217	0	6	3	325	0	0
PIK3R3	0	30	0	1	0	65	0	0
AL358075.4	0	30	0	1	0	65	0	0
TSPAN1	0	0	0	3	0	0	0	0
AL672043.1	0	0	0	0	0	0	0	0
POMGNT1	0	74	0	12	1	100	0	0
LURAP1	0	25	0	0	0	6	0	0
RAD54L	0	24	0	5	0	98	0	0
LRRC41	1	96	0	4	0	83	0	0
UQCRH	0	4	0	1	0	6	0	0
NSUN4	0	15	0	2	0	18	0	0
FAAH	0	48	0	3	0	94	0	0
DMBX1	0	164	0	1	0	26	0	0
AL136373.1	0	0	0	0	0	0	0	0
KNCN	0	0	0	1	0	0	0	0
MKNK1	0	72	0	7	2	192	0	0
MOB3C	0	25	0	2	0	29	0	0
ATPAF1	0	74	0	2	0	29	0	0
TEX38	0	0	0	0	0	0	0	0
EFCAB14	0	12	0	2	0	52	0	0
CYP4B1	0	156	0	21	0	55	0	0
CYP4A11	0	144	0	13	0	76	0	0
CYP4X1	0	29	0	7	0	32	0	0
CYP4Z1	0	12	0	5	0	123	0	0
CYP4A22	0	120	0	19	0	75	0	0
PDZK1IP1	0	11	0	3	0	37	0	0
TAL1	0	55	0	115	0	44	0	0
STIL	1	291	0	3	1	179	0	0
CMPK1	0	0	0	0	0	0	0	0
FOXE3	0	152	0	2	0	25	0	0
FOXD2	0	146	0	2	1	93	0	0
TRABD2B	0	0	0	0	0	0	0	0
SLC5A9	3	256	0	19	3	240	0	0
SPATA6	0	47	0	1	0	35	0	0
AGBL4	1	129	0	5	0	185	0	0
BEND5	1	97	0	0	0	103	0	0
ELAVL4	0	18	0	2	0	42	0	0
DMRTA2	1	205	0	0	0	108	0	0
FAF1	0	21	0	0	0	22	0	0
CDKN2C	0	5	0	0	0	7	0	0
C1orf185	0	6	0	4	0	97	0	0
RNF11	0	4	0	0	0	10	0	0
TTC39A	0	41	0	2	0	87	0	0
EPS15	0	104	0	7	0	59	0	0
OSBPL9	0	157	0	3	1	219	0	0
NRDC	1	239	0	5	1	206	0	0
RAB3B	0	3	0	0	0	12	0	0
TXNDC12	0	65	0	11	0	19	0	0
AL445685.3	0	55	0	11	0	13	0	0
KTI12	0	17	0	9	0	16	0	0
BTF3L4	0	1	0	0	0	3	0	0
ZFYVE9	0	130	0	0	2	348	0	0
CC2D1B	0	292	0	12	1	219	0	0
ORC1	2	165	0	4	0	177	0	0
PRPF38A	0	14	0	1	0	12	0	0
TUT4	2	316	0	2	0	120	0	0
GPX7	0	11	0	101	0	122	0	0
SHISAL2A	0	0	0	1	0	0	0	0
COA7	0	6	0	1	0	59	0	0
ZYG11B	0	32	0	1	0	21	0	0
ZYG11A	0	114	0	3	0	103	0	0
ECHDC2	0	15	0	69	0	137	0	0
SCP2	0	75	0	5	0	20	0	0
PODN	1	101	0	2	2	168	0	0
SLC1A7	0	80	0	0	0	89	0	0
CPT2	0	6	0	2	0	38	0	0
C1orf123	0	1	0	1	0	71	0	0
MAGOH	0	1	0	0	0	3	0	0
LRP8	0	172	0	2	0	82	0	0
DMRTB1	0	48	0	0	0	27	0	0
GLIS1	0	175	0	0	0	170	0	0
NDC1	0	19	0	0	0	37	0	0
YIPF1	0	21	0	34	0	31	0	0
DIO1	0	0	0	0	0	2	0	0
HSPB11	0	2	0	5	0	22	0	0
LRRC42	0	23	0	7	0	59	0	0
LDLRAD1	0	14	0	8	0	13	0	0
TMEM59	0	5	0	1	0	12	0	0
TCEANC2	0	11	0	2	0	69	0	0
AL357673.1	0	114	0	6	0	25	0	0
CDCP2	0	0	0	0	0	0	0	0
CYB5RL	0	114	0	6	0	25	0	0
MRPL37	1	123	0	7	0	71	0	0
SSBP3	0	20	0	0	0	1	0	0
ACOT11	0	227	0	33	0	266	0	0
FAM151A	0	137	0	25	0	218	0	0
MROH7	0	301	0	8	1	444	0	0
MROH7-TTC4	0	313	0	13	1	466	0	0
TTC4	0	12	0	5	0	24	0	0
PARS2	1	146	0	1	0	83	0	0
TTC22	1	202	0	6	0	47	0	0
LEXM	0	216	0	49	0	854	0	0
DHCR24	0	31	0	3	1	65	0	0
TMEM61	0	46	0	1	0	11	0	0
BSND	1	156	0	15	0	10	0	0
PCSK9	0	155	0	4	0	65	0	0
USP24	3	331	0	2	2	211	0	0
AC119674.2	0	1	0	0	0	15	0	0
PLPP3	0	6	0	0	0	29	0	0
PRKAA2	0	90	0	1	0	25	0	0
FYB2	0	18	0	46	0	232	0	0
C8A	0	208	0	9	3	267	0	0
C8B	1	160	0	41	1	175	0	0
DAB1	2	286	0	7	2	278	0	0
OMA1	0	133	0	6	2	237	0	0
TACSTD2	0	21	0	4	0	27	0	0
MYSM1	0	0	0	1	0	0	0	0
JUN	0	44	0	0	0	27	0	0
FGGY	0	60	0	59	1	121	0	0
HOOK1	0	30	0	3	0	108	0	0
CYP2J2	0	124	0	13	0	39	0	0
C1orf87	0	42	0	2	0	33	0	0
NFIA	1	119	0	0	0	19	0	0
TM2D1	0	6	0	0	0	23	0	0
PATJ	0	186	0	15	1	264	0	0
L1TD1	0	0	0	0	0	0	0	0
KANK4	0	12	0	3	0	51	0	0
USP1	0	27	0	0	0	41	0	0
DOCK7	0	157	0	4	2	184	0	0
ANGPTL3	0	0	0	0	0	0	0	0
ATG4C	0	27	0	57	0	116	0	0
FOXD3	0	98	0	0	0	134	0	0
ALG6	0	30	0	3	0	24	0	0
ITGB3BP	0	21	0	23	0	133	0	0
EFCAB7	0	8	0	7	0	124	0	0
PGM1	0	70	0	7	0	101	0	0
ROR1	1	158	0	0	0	63	0	0
UBE2U	0	15	0	13	0	38	0	0
CACHD1	0	219	0	12	1	282	0	0
RAVER2	0	35	0	19	0	55	0	0
JAK1	0	89	0	1	0	77	0	0
AK4	0	23	0	2	0	17	0	0
DNAJC6	0	38	0	0	0	80	0	0
LEPROT	0	0	0	0	0	0	0	0
LEPR	0	125	0	2	0	90	0	0
PDE4B	0	59	0	2	0	26	0	0
SGIP1	2	310	0	2	0	73	0	0
TCTEX1D1	0	3	0	0	0	6	0	0
INSL5	0	5	0	4	0	14	0	0
WDR78	0	20	0	8	0	59	0	0
MIER1	0	8	0	8	0	81	0	0
SLC35D1	0	8	0	1	0	26	0	0
C1orf141	0	116	0	3	0	100	0	0
IL23R	0	119	0	7	0	107	0	0
IL12RB2	0	76	0	5	0	26	0	0
SERBP1	0	18	0	0	0	21	0	0
GADD45A	0	82	0	1	0	5	0	0
GNG12	0	50	0	0	0	13	0	0
DIRAS3	0	12	0	1	0	5	0	0
WLS	0	64	0	3	0	41	0	0
RPE65	0	67	0	6	0	65	0	0
DEPDC1	0	29	0	14	0	58	0	0
LRRC7	1	282	0	6	1	200	0	0
LRRC40	1	112	0	5	3	282	0	0
SRSF11	2	138	0	2	0	26	0	0
ANKRD13C	0	54	0	0	0	92	0	0
HHLA3	0	2	0	0	0	2	0	0
CTH	0	17	0	3	0	25	0	0
PTGER3	0	24	0	138	0	8	0	0
ZRANB2	0	13	0	1	0	17	0	0
NEGR1	0	68	0	1	0	24	0	0
LRRIQ3	0	41	0	42	0	55	0	0
FPGT	0	0	0	0	0	0	0	0
FPGT-TNNI3K	0	63	0	17	1	218	0	0
TNNI3K	0	63	0	17	1	218	0	0
LRRC53	0	0	0	0	0	0	0	0
ERICH3	1	208	0	12	1	146	0	0
CRYZ	0	38	0	11	0	61	0	0
TYW3	0	21	0	2	0	6	0	0
LHX8	0	14	0	1	0	47	0	0
SLC44A5	0	39	0	1	0	96	0	0
ACADM	0	68	0	3	1	220	0	0
RABGGTB	0	7	0	1	0	6	0	0
MSH4	0	400	0	9	0	49	0	0
ASB17	0	11	0	1	0	21	0	0
ST6GALNAC3	0	53	0	1	0	29	0	0
ST6GALNAC5	0	26	0	0	0	33	0	0
PIGK	0	25	0	1	0	20	0	0
AK5	0	20	0	0	0	262	0	0
AC118549.1	0	19	0	1	0	53	0	0
USP33	0	72	0	0	0	104	0	0
MIGA1	0	129	0	19	1	92	0	0
NEXN	0	26	0	5	0	87	0	0
FUBP1	1	164	0	2	0	21	0	0
DNAJB4	0	9	0	1	0	32	0	0
GIPC2	0	175	0	6	0	43	0	0
PTGFR	0	16	0	0	0	94	0	0
IFI44L	0	76	1	96	0	12	0	0
IFI44	0	33	0	8	0	29	0	0
ADGRL4	0	48	0	9	0	68	0	0
ADGRL2	0	148	0	0	5	455	0	0
TTLL7	0	53	0	3	0	54	0	0
PRKACB	0	28	0	2	0	17	0	0
SAMD13	0	4	0	1	0	5	0	0
DNASE2B	0	7	0	4	0	12	0	0
RPF1	0	6	0	1	0	153	0	0
GNG5	0	4	0	0	0	7	0	0
SPATA1	0	5	0	1	0	0	0	0
CTBS	0	7	0	3	0	0	0	0
SSX2IP	0	44	0	9	0	30	0	0
LPAR3	0	27	0	0	0	49	0	0
MCOLN2	0	26	0	4	0	56	0	0
WDR63	0	317	0	14	0	155	0	0
MCOLN3	0	172	0	3	0	28	0	0
SYDE2	0	5	0	1	0	12	0	0
C1orf52	0	0	0	0	0	0	0	0
BCL10	0	6	0	1	0	7	0	0
DDAH1	0	35	0	1	0	45	0	0
CYR61	0	0	0	0	0	0	0	0
ZNHIT6	0	66	0	1	0	35	0	0
COL24A1	0	265	0	19	0	258	0	0
ODF2L	0	40	0	22	0	89	0	0
CLCA2	0	176	0	10	0	65	0	0
CLCA1	0	52	0	7	0	76	0	0
CLCA4	1	499	0	35	0	74	0	0
SH3GLB1	0	64	0	1	0	22	0	0
SELENOF	0	8	0	0	0	31	0	0
HS2ST1	0	5	0	1	0	18	0	0
AC093155.3	0	9	0	1	0	18	0	0
LMO4	0	44	0	0	0	16	0	0
PKN2	0	29	0	0	0	44	0	0
GTF2B	0	13	0	0	0	20	0	0
KYAT3	0	34	0	15	1	85	0	0
RBMXL1	0	3	0	1	0	1	0	0
GBP3	0	40	0	5	0	23	0	0
GBP1	2	146	0	19	0	87	0	0
GBP2	0	49	0	9	1	150	0	0
GBP7	0	37	0	27	0	46	0	0
GBP4	0	41	0	88	1	180	0	0
GBP5	1	199	1	148	0	106	0	0
GBP6	0	80	0	8	0	73	0	0
LRRC8B	0	46	0	3	0	69	0	0
LRRC8C	0	21	0	0	0	3	0	0
AC093423.3	0	21	0	1	0	4	0	0
LRRC8D	0	39	0	2	0	21	0	0
ZNF326	0	50	0	2	0	41	0	0
BARHL2	0	32	0	0	0	50	0	0
ZNF644	0	202	0	1	1	208	0	0
HFM1	0	60	0	12	0	78	0	0
CDC7	0	29	0	7	0	102	0	0
TGFBR3	0	65	0	2	3	190	0	0
BRDT	0	34	0	5	0	66	0	0
EPHX4	0	11	0	3	0	17	0	0
SETSIP	0	8	0	5	0	17	0	0
BTBD8	0	242	0	7	1	103	0	0
C1orf146	0	0	0	0	0	0	0	0
GLMN	0	11	0	6	1	161	0	0
RPAP2	0	0	0	0	0	0	0	0
GFI1	2	218	0	1	0	77	0	0
EVI5	0	30	0	7	0	121	0	0
RPL5	0	17	0	0	0	6	0	0
FAM69A	0	41	0	2	0	42	0	0
MTF2	0	18	0	0	0	43	0	0
TMED5	0	1	0	1	0	14	0	0
CCDC18	2	202	0	32	1	138	0	0
DR1	0	3	0	0	0	19	0	0
FNBP1L	0	32	0	2	0	39	0	0
BCAR3	0	166	0	5	1	207	0	0
DNTTIP2	0	54	0	5	0	34	0	0
GCLM	0	77	0	0	0	18	0	0
ABCA4	1	482	0	15	11	625	0	0
ARHGAP29	0	53	0	8	0	89	0	0
ABCD3	0	38	0	2	0	36	0	0
F3	0	57	0	2	0	28	0	0
SLC44A3	1	100	0	12	0	65	0	0
CNN3	0	0	0	0	0	10	0	0
ALG14	0	5	0	11	1	67	0	0
TMEM56	0	6	0	0	0	11	0	0
TMEM56-RWDD3	0	11	0	8	0	21	0	0
RWDD3	0	5	0	8	0	10	0	0
PTBP2	0	70	0	0	0	13	0	0
DPYD	0	45	0	81	0	170	0	0
SNX7	0	19	0	0	0	177	0	0
PLPPR5	0	20	0	1	0	14	0	0
PLPPR4	1	210	0	1	0	184	0	0
PALMD	0	29	0	1	0	130	0	0
FRRS1	0	41	0	0	0	95	0	0
AGL	0	98	0	18	2	266	0	0
SLC35A3	0	19	0	0	1	25	0	0
AC118553.2	0	33	0	0	1	34	0	0
MFSD14A	0	14	0	0	0	9	0	0
SASS6	0	41	0	3	1	51	0	0
TRMT13	0	1	0	1	0	6	0	0
LRRC39	0	9	0	8	0	33	0	0
DBT	0	54	0	1	0	83	0	0
RTCA	0	19	0	3	1	123	0	0
CDC14A	0	140	0	7	0	180	0	0
GPR88	0	101	0	1	0	12	0	0
VCAM1	0	67	0	0	0	37	0	0
EXTL2	0	35	0	1	0	45	0	0
SLC30A7	0	20	0	3	0	26	0	0
DPH5	0	6	0	2	0	18	0	0
S1PR1	0	8	0	0	0	20	0	0
OLFM3	0	51	0	1	0	68	0	0
COL11A1	0	161	0	2	3	320	0	0
RNPC3	0	10	0	14	1	39	0	0
AMY2B	2	316	0	3	0	178	0	0
AMY2A	0	30	0	14	0	108	0	0
AMY1A	7	60	0	1	0	42	0	0
AMY1B	0	2	0	0	0	2	0	0
AMY1C	0	7	0	0	0	95	0	0
PRMT6	0	13	0	1	0	62	0	0
NTNG1	0	11	0	0	0	2	0	0
VAV3	0	7	0	1	0	67	0	0
SLC25A24	0	21	0	2	0	7	0	0
NBPF4	0	14	0	9	0	1	0	0
NBPF6	0	35	0	12	0	0	0	0
FAM102B	0	6	0	0	0	37	0	0
HENMT1	0	48	0	2	0	16	0	0
PRPF38B	0	23	0	3	0	133	0	0
FNDC7	0	1040	0	18	0	103	0	0
STXBP3	0	13	0	3	0	37	0	0
AKNAD1	0	16	0	10	0	11	0	0
AL449266.1	1	92	0	19	0	66	0	0
GPSM2	0	57	0	15	0	46	0	0
CLCC1	0	60	0	4	0	19	0	0
WDR47	4	265	0	2	0	91	0	0
TAF13	0	2	0	1	0	9	0	0
TMEM167B	0	3	0	0	0	5	0	0
C1orf194	0	0	0	1	0	0	0	0
KIAA1324	0	23	0	2	0	80	0	0
SARS	0	39	0	0	0	12	0	0
CELSR2	3	373	0	2	17	710	0	0
PSRC1	0	51	0	4	0	177	0	0
MYBPHL	0	39	0	23	1	191	0	0
SORT1	0	49	0	2	0	147	0	0
PSMA5	0	2	0	0	0	4	0	0
SYPL2	0	12	0	5	1	144	0	0
ATXN7L2	0	1	0	0	0	7	0	0
CYB561D1	0	11	0	2	0	4	0	0
AMIGO1	0	26	0	0	0	15	0	0
GPR61	0	22	0	0	0	5	0	0
GNAI3	1	177	0	4	2	207	0	0
GNAT2	1	112	0	2	1	176	0	0
AMPD2	0	148	0	6	0	60	0	0
GSTM4	0	24	0	54	0	39	0	0
GSTM2	0	22	0	9	0	9	0	0
GSTM1	0	14	0	0	0	0	0	0
GSTM5	0	181	0	13	0	205	0	0
GSTM3	0	32	0	0	0	32	0	0
EPS8L3	0	43	0	7	0	129	0	0
CSF1	0	52	0	0	0	28	0	0
AHCYL1	0	21	0	2	0	23	0	0
STRIP1	1	148	0	1	0	91	0	0
ALX3	0	23	0	1	0	49	0	0
UBL4B	0	18	0	1	0	4	0	0
SLC6A17	0	43	0	1	0	67	0	0
KCNC4	0	90	0	1	1	192	0	0
RBM15	0	155	0	3	0	60	0	0
SLC16A4	2	151	0	7	0	81	0	0
LAMTOR5	0	7	0	0	0	12	0	0
PROK1	0	78	0	0	0	11	0	0
KCNA10	0	51	0	4	0	126	0	0
KCNA2	0	47	0	1	0	11	0	0
KCNA3	0	35	0	1	0	68	0	0
CD53	0	6	0	3	0	8	0	0
LRIF1	0	42	0	3	0	59	0	0
DRAM2	0	16	0	7	0	26	0	0
CEPT1	0	36	0	1	0	26	0	0
DENND2D	0	38	0	21	0	80	0	0
CHI3L2	0	120	0	5	1	46	0	0
CHIA	0	166	0	35	0	72	0	0
PIFO	0	2	0	2	0	9	0	0
OVGP1	0	54	0	30	0	25	0	0
WDR77	1	122	0	2	0	21	0	0
ATP5PB	0	2	0	0	0	3	0	0
C1orf162	0	5	0	2	0	2	0	0
TMIGD3	0	27	0	4	0	29	0	0
ADORA3	0	27	0	4	0	27	0	0
RAP1A	0	17	0	0	0	11	0	0
INKA2	0	31	0	2	0	29	0	0
AL049557.1	0	14	0	2	0	18	0	0
DDX20	0	22	0	4	0	52	0	0
KCND3	0	67	0	0	0	78	0	0
CTTNBP2NL	0	59	0	3	1	74	0	0
WNT2B	0	34	0	1	0	23	0	0
ST7L	0	9	0	3	1	192	0	0
CAPZA1	0	16	0	2	0	62	0	0
MOV10	0	40	0	1	0	34	0	0
RHOC	0	41	0	1	0	20	0	0
AL603832.3	0	6	0	0	0	3	0	0
PPM1J	0	47	0	18	0	12	0	0
FAM19A3	0	20	0	9	0	30	0	0
SLC16A1	0	35	0	1	0	15	0	0
LRIG2	0	66	0	2	0	121	0	0
MAGI3	0	111	0	6	2	356	0	0
PHTF1	1	120	0	8	0	34	0	0
RSBN1	2	182	0	11	0	96	0	0
PTPN22	0	42	0	5	0	90	0	0
BCL2L15	0	0	0	0	0	0	0	0
AP4B1	0	44	0	4	0	121	0	0
DCLRE1B	0	10	0	1	0	24	0	0
HIPK1	0	83	0	1	0	85	0	0
OLFML3	0	58	0	3	0	78	0	0
SYT6	0	80	0	2	0	87	0	0
TRIM33	0	117	0	0	1	49	0	0
BCAS2	0	5	0	5	0	117	0	0
DENND2C	0	245	0	4	2	253	0	0
AMPD1	1	145	0	9	0	244	0	0
NRAS	0	7	0	0	0	1	0	0
CSDE1	0	351	0	2	1	42	0	0
SIKE1	0	12	0	2	0	21	0	0
SYCP1	0	647	0	86	0	196	0	0
TSHB	0	4	0	4	0	9	0	0
TSPAN2	0	10	0	3	0	34	0	0
NGF	0	15	0	0	0	26	0	0
VANGL1	0	171	0	2	1	112	0	0
CASQ2	0	27	0	4	0	72	0	0
NHLH2	0	6	0	0	0	7	0	0
SLC22A15	1	123	0	4	0	146	0	0
MAB21L3	0	54	0	5	0	48	0	0
ATP1A1	1	161	0	0	0	24	0	0
CD58	0	5	0	0	0	1	0	0
IGSF3	0	261	0	0	1	225	0	0
CD2	0	17	0	5	0	7	0	0
PTGFRN	0	46	0	4	0	221	0	0
CD101	2	145	0	12	1	300	0	0
TTF2	0	83	0	14	2	344	0	0
TRIM45	0	48	0	40	0	134	0	0
VTCN1	0	5	0	4	0	71	0	0
MAN1A2	0	62	0	0	0	36	0	0
TENT5C	0	40	0	2	0	109	0	0
GDAP2	0	49	0	23	0	46	0	0
WDR3	0	27	0	6	0	45	0	0
SPAG17	0	150	0	7	1	174	0	0
TBX15	0	64	0	1	0	39	0	0
WARS2	0	28	0	2	0	92	0	0
HAO2	0	97	0	7	0	97	0	0
HSD3B2	0	75	0	5	0	11	0	0
HSD3B1	0	154	0	3	0	45	0	0
ZNF697	0	138	0	3	0	57	0	0
PHGDH	0	1	0	1	0	2	0	0
HMGCS2	0	235	0	9	0	51	0	0
REG4	0	13	0	2	0	4	0	0
ADAM30	0	40	0	6	0	118	0	0
NOTCH2	2	309	0	0	3	532	0	0
SEC22B	0	5	0	0	0	2	0	0
NBPF26	4	78	0	5	3	34	0	0
PPIAL4A	2	794	0	0	2	16	0	0
FCGR1B	0	0	0	0	0	0	0	0
FAM72B	0	1	0	0	0	12	0	0
SRGAP2C	0	0	0	0	0	0	0	0
HIST2H3PS2	0	0	0	0	0	0	0	0
FAM72C	0	0	0	0	0	0	0	0
PPIAL4E	0	0	0	0	0	0	0	0
NBPF15	0	0	0	0	0	0	0	0
PPIAL4F	0	0	0	0	0	0	0	0
SRGAP2B	0	3	0	0	0	1	0	0
FAM72D	0	0	0	0	0	0	0	0
PPIAL4D	0	12	0	1	0	19	0	0
NBPF20	0	14	0	10	0	0	0	0
GPR89A	0	21	0	4	0	29	0	0
PDZK1	0	5	0	3	0	24	0	0
CD160	0	11	0	6	0	1	0	0
RNF115	0	0	0	0	0	1	0	0
POLR3C	0	14	0	41	0	190	0	0
NUDT17	0	68	0	2	0	4	0	0
PIAS3	0	45	0	0	0	15	0	0
ANKRD35	0	77	0	44	0	145	0	0
ITGA10	1	183	0	19	5	436	0	0
PEX11B	0	0	0	0	0	0	0	0
RBM8A	0	0	0	0	0	0	0	0
AC243547.3	0	1	0	1	0	14	0	0
LIX1L	0	0	0	0	0	0	0	0
ANKRD34A	0	0	0	0	0	0	0	0
POLR3GL	0	1	0	1	0	57	0	0
TXNIP	0	42	0	2	0	62	0	0
HJV	0	44	0	2	0	30	0	0
NBPF10	2	206	0	21	0	0	0	0
AC239799.1	2	198	0	4	0	2	0	0
NOTCH2NLA	0	0	0	0	0	2	0	0
AC243756.1	0	0	0	0	0	0	0	0
NBPF12	0	13	0	1	0	4	0	0
PRKAB2	0	14	0	1	0	15	0	0
FMO5	0	42	0	9	0	131	0	0
CHD1L	0	124	0	41	1	262	0	0
BCL9	1	108	0	1	2	291	0	0
ACP6	0	9	0	2	0	31	0	0
GJA5	0	124	0	1	0	19	0	0
GJA8	0	35	0	4	0	101	0	0
GPR89B	0	20	0	7	0	38	0	0
NBPF11	0	0	0	0	0	0	0	0
PPIAL4G	0	9	0	5	0	16	0	0
NBPF14	0	1	0	0	0	0	0	0
NUDT4B	0	0	0	0	0	0	0	0
PDE4DIP	0	394	0	32	2	315	0	0
NBPF9	1	69	0	5	0	0	0	0
NBPF19	0	0	0	0	0	0	0	0
PPIAL4C	0	9	0	2	1	23	0	0
FCGR1A	0	67	0	120	0	6	0	0
HIST2H2BF	0	67	0	120	0	6	0	0
HIST2H3D	0	21	0	8	0	21	0	0
HIST2H4A	0	0	0	0	0	0	0	0
HIST2H3C	0	0	0	0	0	0	0	0
HIST2H2AA3	0	0	0	0	0	0	0	0
HIST2H2AA4	0	0	0	0	0	0	0	0
HIST2H3A	0	0	0	0	0	0	0	0
HIST2H4B	0	0	0	0	0	0	0	0
HIST2H2BE	0	0	0	0	0	0	0	0
HIST2H2AC	0	0	0	0	0	0	0	0
HIST2H2AB	0	20	0	0	0	2	0	0
BOLA1	0	0	0	0	0	0	0	0
SV2A	0	97	0	1	0	43	0	0
SF3B4	0	85	0	0	0	15	0	0
MTMR11	0	7	0	1	0	39	0	0
OTUD7B	0	30	0	2	0	77	0	0
VPS45	1	52	0	2	1	83	0	0
PLEKHO1	0	60	0	0	0	51	0	0
ANP32E	0	2	0	0	0	39	0	0
CA14	0	1	0	0	0	28	0	0
APH1A	0	20	0	3	0	5	0	0
C1orf54	0	88	0	1	0	2	0	0
CIART	0	122	0	0	0	83	0	0
MRPS21	0	18	0	11	0	28	0	0
PRPF3	0	83	0	0	0	19	0	0
RPRD2	1	231	0	0	1	161	0	0
TARS2	0	28	0	1	0	2	0	0
ECM1	0	37	0	7	0	81	0	0
ADAMTSL4	1	234	0	50	1	208	0	0
MCL1	0	81	0	1	0	32	0	0
ENSA	0	5	0	0	0	5	0	0
GOLPH3L	0	8	0	3	0	136	0	0
HORMAD1	0	3	0	0	0	2	0	0
CTSS	0	9	0	1	0	9	0	0
CTSK	0	79	0	5	0	7	0	0
ARNT	0	28	0	0	0	146	0	0
CTXND2	0	0	0	0	0	0	0	0
SETDB1	0	83	0	3	0	219	0	0
CERS2	0	30	0	2	0	203	0	0
ANXA9	0	21	0	5	0	136	0	0
MINDY1	0	23	0	4	1	84	0	0
PRUNE1	0	142	0	4	1	189	0	0
BNIPL	0	73	0	0	0	44	0	0
C1orf56	0	0	0	0	0	0	0	0
CDC42SE1	0	3	0	0	0	7	0	0
MLLT11	0	0	0	0	0	0	0	0
GABPB2	0	15	0	5	0	31	0	0
SEMA6C	1	144	0	18	0	268	0	0
TNFAIP8L2	0	0	0	0	0	0	0	0
SCNM1	0	3	0	0	0	11	0	0
LYSMD1	0	2	0	0	0	9	0	0
TMOD4	0	112	0	2	0	127	0	0
VPS72	0	125	0	4	0	141	0	0
PIP5K1A	0	93	0	1	0	31	0	0
PSMD4	0	141	0	0	0	30	0	0
ZNF687	3	258	0	0	0	104	0	0
PI4KB	1	92	0	5	0	42	0	0
RFX5	0	27	0	3	0	59	0	0
SELENBP1	1	55	0	11	0	165	0	0
PSMB4	0	0	0	0	0	0	0	0
POGZ	4	456	0	0	0	67	0	0
CGN	0	145	0	27	3	327	0	0
TUFT1	0	4	0	2	0	13	0	0
SNX27	0	21	0	4	0	129	0	0
CELF3	0	44	0	1	0	16	0	0
RIIAD1	0	14	0	2	0	5	0	0
MRPL9	0	0	0	0	0	1	0	0
OAZ3	0	10	0	3	0	19	0	0
TDRKH	0	13	0	2	0	105	0	0
LINGO4	0	0	0	0	0	1	0	0
RORC	0	81	1	61	0	47	0	0
C2CD4D	0	0	0	0	0	0	0	0
THEM5	0	9	0	7	0	9	0	0
THEM4	0	21	0	1	2	116	0	0
S100A10	0	6	0	0	0	61	0	0
S100A11	0	4	0	0	0	46	0	0
TCHHL1	0	172	0	15	0	83	0	0
TCHH	1	458	0	85	0	213	0	0
RPTN	0	36	0	23	0	78	0	0
HRNR	4	1042	2	136	0	184	0	0
FLG	28	1168	2	268	5	667	0	0
FLG2	1	310	0	97	1	91	0	0
CRNN	0	83	0	9	0	12	0	0
LCE5A	0	6	0	3	0	3	0	0
CRCT1	0	0	0	0	0	0	0	0
LCE3E	0	29	0	5	0	17	0	0
LCE3D	0	47	0	0	0	12	0	0
LCE3C	0	0	0	4	0	0	0	0
LCE3B	0	0	0	0	1	5	0	0
LCE3A	0	8	0	0	0	2	0	0
LCE2D	0	51	0	1	0	2	0	0
LCE2C	0	43	0	2	0	6	0	0
LCE2B	0	9	0	0	0	9	0	0
LCE2A	0	1	0	4	0	83	0	0
LCE4A	0	38	0	8	0	4	0	0
C1orf68	0	17	0	4	0	32	0	0
KPRP	0	40	0	47	0	43	0	0
LCE1F	0	4	0	0	0	53	0	0
LCE1E	0	41	0	0	2	133	0	0
LCE1D	0	5	0	0	0	4	0	0
LCE1C	0	11	0	1	0	7	0	0
LCE1B	0	4	0	0	0	6	0	0
LCE1A	0	39	0	4	0	16	0	0
LCE6A	0	7	0	5	0	5	0	0
AL162596.1	0	0	0	0	0	0	0	0
SMCP	0	38	0	2	0	1	0	0
IVL	0	236	0	7	0	20	0	0
SPRR5	0	0	0	0	0	0	0	0
SPRR4	0	1	0	2	0	0	0	0
SPRR1A	0	13	0	1	0	5	0	0
SPRR3	0	1018	0	0	0	12	0	0
SPRR1B	0	20	0	0	0	6	0	0
SPRR2D	0	18	0	3	0	3	0	0
SPRR2A	0	5	0	0	0	7	0	0
SPRR2B	0	1	0	0	0	4	0	0
SPRR2E	0	15	0	0	0	1	0	0
SPRR2F	0	17	0	1	0	1	0	0
SPRR2G	0	3	0	0	0	1	0	0
LELP1	0	6	0	21	0	4	0	0
PRR9	1	5	0	3	0	2	0	0
LOR	0	1172	0	3	0	51	0	0
PGLYRP3	0	44	0	4	0	23	0	0
PGLYRP4	0	46	0	31	0	59	0	0
S100A9	0	92	0	0	0	4	0	0
S100A12	0	2	0	2	0	3	0	0
S100A8	0	5	0	0	0	2	0	0
S100A7A	0	23	0	2	0	4	0	0
S100A7L2	0	8	0	0	0	6	0	0
S100A7	0	16	0	1	0	1	0	0
S100A6	0	0	0	0	0	0	0	0
S100A5	0	3	0	0	0	5	0	0
S100A4	0	16	0	5	0	13	0	0
S100A3	0	0	0	0	0	0	0	0
S100A2	0	3	0	3	0	2	0	0
S100A16	0	29	0	4	0	24	0	0
S100A14	0	0	0	0	0	0	0	0
S100A13	0	7	0	0	0	23	0	0
S100A1	0	8	0	2	0	11	0	0
CHTOP	0	6	0	0	0	3	0	0
SNAPIN	0	0	0	0	0	0	0	0
ILF2	0	11	0	0	0	13	0	0
NPR1	0	40	0	3	0	24	0	0
INTS3	0	70	0	2	0	41	0	0
SLC27A3	1	106	0	54	0	127	0	0
GATAD2B	0	40	0	0	0	149	0	0
DENND4B	0	162	0	4	0	139	0	0
CRTC2	0	1	0	0	0	9	0	0
SLC39A1	0	0	0	0	0	0	0	0
AL358472.7	0	78	0	10	0	55	0	0
CREB3L4	0	77	0	9	0	39	0	0
JTB	0	2	0	1	0	26	0	0
AL358472.6	0	5	0	0	0	28	0	0
RAB13	0	4	0	0	0	5	0	0
RPS27	0	0	0	0	0	0	0	0
NUP210L	3	204	0	24	0	99	0	0
TPM3	0	10	0	2	0	7	0	0
C1orf189	0	1	0	1	0	4	0	0
C1orf43	0	1	0	0	0	110	0	0
UBAP2L	0	46	0	2	0	107	0	0
HAX1	0	0	0	0	0	0	0	0
AQP10	0	14	0	0	0	966	0	0
ATP8B2	0	141	0	2	1	212	0	0
IL6R	0	71	0	0	0	8	0	0
SHE	0	57	0	2	0	84	0	0
TDRD10	0	25	0	5	0	3	0	0
UBE2Q1	0	62	0	1	0	79	0	0
CHRNB2	0	118	0	1	0	34	0	0
ADAR	1	213	0	1	0	34	0	0
KCNN3	0	28	0	1	0	50	0	0
PMVK	0	7	0	3	0	129	0	0
PBXIP1	0	9	0	0	0	7	0	0
PYGO2	0	0	0	0	0	0	0	0
SHC1	0	10	0	0	0	8	0	0
CKS1B	0	1	0	0	0	0	0	0
FLAD1	0	63	0	4	0	68	0	0
LENEP	0	0	0	0	0	0	0	0
ZBTB7B	0	178	0	0	0	26	0	0
DCST2	0	0	0	0	0	0	0	0
DCST1	0	166	0	2	0	20	0	0
ADAM15	0	77	0	6	0	144	0	0
EFNA4	0	0	0	3	0	0	0	0
AL691442.1	0	27	0	4	0	16	0	0
EFNA3	0	27	0	1	0	16	0	0
EFNA1	0	0	0	0	0	2	0	0
SLC50A1	0	4	0	4	0	36	0	0
DPM3	0	0	0	0	0	0	0	0
KRTCAP2	0	7	0	1	0	9	0	0
AL713999.1	0	149	0	2	0	30	0	0
TRIM46	0	142	0	1	0	21	0	0
MUC1	0	4	0	0	0	1	0	0
THBS3	0	46	0	12	0	53	0	0
MTX1	0	11	0	8	0	17	0	0
GBA	0	56	0	2	0	75	0	0
FAM189B	0	1	0	9	0	185	0	0
SCAMP3	0	16	0	6	0	33	0	0
CLK2	0	86	0	0	0	118	0	0
HCN3	0	75	0	5	0	11	0	0
PKLR	0	82	0	0	3	252	0	0
FDPS	0	39	0	2	0	74	0	0
RUSC1	0	59	0	4	0	73	0	0
ASH1L	0	258	0	11	0	254	0	0
MSTO1	0	9	0	4	0	55	0	0
YY1AP1	0	88	0	12	0	53	0	0
DAP3	0	43	0	7	0	127	0	0
GON4L	0	192	0	3	1	183	0	0
SYT11	0	47	0	0	0	21	0	0
RIT1	0	6	0	3	0	8	0	0
KHDC4	0	19	0	0	0	22	0	0
RXFP4	1	6	0	0	0	0	0	0
ARHGEF2	0	266	0	0	0	50	0	0
SSR2	0	10	0	0	0	10	0	0
UBQLN4	0	88	0	0	0	18	0	0
LAMTOR2	0	1	0	0	0	2	0	0
RAB25	0	9	0	22	0	124	0	0
MEX3A	0	0	0	0	0	0	0	0
LMNA	0	239	0	0	0	86	0	0
SEMA4A	0	58	0	9	0	68	0	0
SLC25A44	0	14	0	3	0	33	0	0
PMF1-BGLAP	0	12	0	0	0	24	0	0
PMF1	0	12	0	0	0	24	0	0
BGLAP	0	0	0	0	0	0	0	0
PAQR6	1	136	0	11	0	17	0	0
SMG5	1	200	0	2	2	204	0	0
TMEM79	0	77	0	3	0	65	0	0
GLMP	0	0	0	0	0	11	0	0
VHLL	0	4	0	4	0	8	0	0
CCT3	0	72	0	7	0	82	0	0
TSACC	0	2	0	5	0	3	0	0
RHBG	0	0	0	1	0	0	0	0
C1orf61	0	4	0	0	0	1	0	0
MEF2D	0	34	0	1	0	69	0	0
IQGAP3	1	354	0	56	0	200	0	0
TTC24	0	39	0	3	0	192	0	0
NAXE	0	0	0	0	0	0	0	0
GPATCH4	1	156	0	5	0	16	0	0
HAPLN2	0	39	0	3	0	16	0	0
BCAN	0	96	0	10	1	147	0	0
NES	1	238	0	10	0	42	0	0
CRABP2	0	5	0	1	0	10	0	0
ISG20L2	0	24	0	1	0	11	0	0
RRNAD1	0	0	0	0	0	0	0	0
MRPL24	0	0	0	0	0	0	0	0
HDGF	0	47	0	1	0	45	0	0
PRCC	0	68	0	1	0	49	0	0
SH2D2A	1	165	0	0	0	86	0	0
NTRK1	2	446	0	7	6	522	0	0
INSRR	0	207	0	6	1	276	0	0
PEAR1	1	128	0	77	0	157	0	0
LRRC71	1	1077	0	26	1	107	0	0
ARHGEF11	0	89	0	0	0	174	0	0
ETV3L	0	94	0	7	0	36	0	0
ETV3	0	85	0	1	0	31	0	0
FCRL5	2	198	0	9	1	144	0	0
FCRL4	0	103	0	9	0	36	0	0
FCRL3	1	81	0	56	0	35	0	0
FCRL2	0	46	0	7	0	16	0	0
FCRL1	0	60	0	19	0	15	0	0
CD5L	0	14	0	54	0	11	0	0
KIRREL1	0	1174	0	0	0	123	0	0
CD1D	0	54	0	6	0	19	0	0
CD1A	0	13	0	7	0	108	0	0
CD1C	0	151	0	10	0	66	0	0
CD1B	0	79	0	35	0	12	0	0
CD1E	0	22	0	2	0	3	0	0
OR10T2	0	44	0	3	0	44	0	0
OR10K2	0	166	0	6	0	24	0	0
OR10K1	1	139	0	4	0	31	0	0
OR10R2	0	36	0	41	0	130	0	0
OR6Y1	0	14	0	8	1	146	0	0
OR6P1	0	26	0	65	0	45	0	0
OR10X1	0	37	0	2	2	159	0	0
OR10Z1	0	20	0	20	0	68	0	0
SPTA1	0	314	0	40	3	570	0	0
OR6K2	0	18	1	71	0	16	0	0
OR6K3	0	124	0	5	0	11	0	0
OR6N1	0	151	0	0	1	144	0	0
OR6K6	0	117	0	0	1	121	0	0
OR6N2	0	89	0	2	0	103	0	0
MNDA	0	27	0	6	0	13	0	0
PYHIN1	2	82	0	1	0	38	0	0
IFI16	0	19	0	3	0	13	0	0
AIM2	0	7	0	1	0	4	0	0
CADM3	0	82	0	0	0	16	0	0
ACKR1	0	133	0	3	0	75	0	0
FCER1A	0	34	0	4	0	21	0	0
OR10J3	0	32	0	0	0	26	0	0
OR10J1	1	147	0	4	1	132	0	0
OR10J5	0	13	0	6	0	56	0	0
APCS	0	20	0	11	0	7	0	0
CRP	0	19	0	4	0	5	0	0
DUSP23	0	10	0	2	0	115	0	0
FCRL6	0	138	0	46	0	37	0	0
SLAMF8	0	26	0	26	0	39	0	0
SNHG28	1	55	0	1	0	160	0	0
VSIG8	1	49	0	1	0	149	0	0
CFAP45	0	149	0	3	0	131	0	0
TAGLN2	0	8	0	1	0	14	0	0
IGSF9	2	286	0	4	1	300	0	0
SLAMF9	0	5	0	5	0	16	0	0
KCNJ10	0	145	0	5	0	152	0	0
PIGM	0	22	0	4	0	97	0	0
KCNJ9	0	17	0	0	0	3	0	0
IGSF8	0	92	0	11	0	93	0	0
ATP1A2	0	88	0	5	0	151	0	0
ATP1A4	1	209	0	15	2	357	0	0
CASQ1	0	81	0	28	0	43	0	0
PEA15	0	0	0	0	0	0	0	0
DCAF8	1	81	0	1	0	37	0	0
AL139011.2	2	158	0	4	0	63	0	0
PEX19	0	84	0	3	0	27	0	0
COPA	0	41	0	1	1	126	0	0
NCSTN	0	47	0	3	0	107	0	0
NHLH1	0	5	0	2	0	4	0	0
VANGL2	0	144	0	0	0	65	0	0
SLAMF6	0	96	0	3	0	6	0	0
CD84	0	61	0	7	0	14	0	0
SLAMF1	0	23	0	0	0	0	0	0
CD48	0	24	0	1	0	3	0	0
SLAMF7	2	118	0	3	0	8	0	0
LY9	0	88	0	18	0	6	0	0
CD244	0	88	0	1	0	64	0	0
ITLN1	1	170	0	6	0	52	0	0
ITLN2	0	0	0	0	0	0	0	0
F11R	0	0	0	1	0	0	0	0
AL591806.3	0	0	0	1	0	0	0	0
TSTD1	0	0	0	0	0	0	0	0
USF1	0	0	0	0	0	0	0	0
ARHGAP30	1	102	0	0	1	201	0	0
NECTIN4	1	109	0	2	0	222	0	0
KLHDC9	0	0	0	0	0	0	0	0
PFDN2	0	26	0	1	0	9	0	0
NIT1	0	4	0	0	0	19	0	0
DEDD	0	4	0	0	0	19	0	0
UFC1	0	4	0	0	0	7	0	0
USP21	0	30	0	1	0	682	0	0
PPOX	0	17	0	1	0	63	0	0
B4GALT3	0	17	0	1	0	63	0	0
ADAMTS4	0	0	0	0	0	0	0	0
NDUFS2	0	17	0	0	0	20	0	0
FCER1G	0	3	0	0	0	24	0	0
APOA2	0	0	0	0	0	0	0	0
TOMM40L	1	109	0	0	0	2	0	0
NR1I3	2	123	0	11	0	33	0	0
PCP4L1	0	7	0	1	0	7	0	0
MPZ	0	7	0	1	0	15	0	0
SDHC	0	12	0	3	0	8	0	0
CFAP126	0	0	0	0	0	0	0	0
FCGR2A	0	113	0	0	0	5	0	0
HSPA6	0	426	0	71	1	260	0	0
FCGR3A	1	194	0	2	1	19	0	0
FCGR2C	0	26	0	0	0	2	0	0
FCGR3B	1	30	0	10	0	7	0	0
FCGR2B	0	257	0	1	0	3	0	0
FCRLA	0	272	0	7	0	21	0	0
FCRLB	0	36	0	2	0	19	0	0
DUSP12	0	13	0	3	0	63	0	0
ATF6	0	33	0	3	1	148	0	0
OLFML2B	0	96	0	8	1	89	0	0
NOS1AP	1	265	0	1	0	79	0	0
AL512785.2	0	10	0	0	0	16	0	0
C1orf226	0	10	0	0	0	15	0	0
SPATA46	0	0	0	0	0	0	0	0
SH2D1B	0	10	0	4	0	6	0	0
UHMK1	0	0	0	0	0	0	0	0
UAP1	1	92	0	1	0	232	0	0
DDR2	1	184	0	2	0	66	0	0
HSD17B7	0	19	0	2	0	49	0	0
CCDC190	0	74	0	5	0	7	0	0
RGS4	0	2	0	1	0	11	0	0
RGS5	0	4	0	2	0	43	0	0
NUF2	0	23	0	9	0	172	0	0
PBX1	0	16	0	0	0	110	0	0
LMX1A	1	80	0	0	0	20	0	0
RXRG	0	22	0	0	1	23	0	0
LRRC52	0	176	0	3	0	59	0	0
MGST3	0	0	0	1	0	8	0	0
ALDH9A1	0	21	0	11	0	79	0	0
TMCO1	0	5	0	7	0	53	0	0
UCK2	0	29	0	1	0	16	0	0
FAM78B	0	9	0	0	0	17	0	0
POGK	0	32	0	1	0	98	0	0
TADA1	0	22	0	12	0	40	0	0
ILDR2	0	27	0	1	0	46	0	0
MAEL	1	42	0	0	0	115	0	0
GPA33	2	295	0	36	2	460	0	0
DUSP27	2	268	0	30	2	440	0	0
POU2F1	0	2	0	0	0	10	0	0
CD247	0	9	0	5	0	13	0	0
CREG1	0	20	0	3	0	21	0	0
RCSD1	0	27	0	2	0	113	0	0
MPZL1	0	45	0	2	0	8	0	0
ADCY10	1	237	0	19	0	77	0	0
MPC2	0	11	0	0	0	24	0	0
DCAF6	1	58	0	1	0	136	0	0
GPR161	0	71	0	4	0	49	0	0
TIPRL	0	7	0	1	0	8	0	0
SFT2D2	0	5	0	1	0	49	0	0
TBX19	0	62	0	4	0	48	0	0
XCL2	0	49	0	1	0	3	0	0
XCL1	2	153	0	3	0	3	0	0
DPT	0	40	0	7	1	111	0	0
ATP1B1	0	37	0	0	0	5	0	0
NME7	0	37	0	7	0	62	0	0
BLZF1	0	11	0	5	0	136	0	0
CCDC181	0	19	0	6	0	32	0	0
SLC19A2	0	64	0	1	0	42	0	0
F5	0	1079	0	7	1	205	0	0
SELP	0	227	0	16	0	56	0	0
C1orf112	2	251	0	16	0	102	0	0
SELL	0	15	0	2	0	16	0	0
SELE	1	198	0	3	0	36	0	0
METTL18	0	0	0	0	0	0	0	0
SCYL3	0	102	0	2	0	118	0	0
KIFAP3	0	57	0	1	0	125	0	0
METTL11B	0	4	0	0	0	28	0	0
GORAB	0	20	0	1087	0	27	0	0
PRRX1	0	23	0	0	0	29	0	0
MROH9	2	102	0	15	1	201	0	0
FMO3	0	26	0	16	1	90	0	0
FMO2	0	44	0	31	0	266	0	0
FMO1	0	25	0	10	0	26	0	0
FMO4	0	35	0	9	1	71	0	0
PRRC2C	1	552	0	8	1	388	0	0
MYOCOS	0	66	0	21	0	35	0	0
MYOC	0	142	0	31	0	43	0	0
VAMP4	0	1	0	0	0	10	0	0
METTL13	0	125	0	7	0	65	0	0
DNM3	0	60	0	2	0	59	0	0
PIGC	0	66	0	5	0	53	0	0
C1orf105	0	51	0	51	0	37	0	0
SUCO	1	210	0	4	0	135	0	0
FASLG	0	37	0	0	0	9	0	0
TNFSF18	0	7	0	64	0	30	0	0
TNFSF4	0	14	0	0	0	7	0	0
PRDX6	0	25	0	0	0	10	0	0
SLC9C2	0	114	0	4	0	32	0	0
AL139142.2	0	48	0	1	1	113	0	0
ANKRD45	0	40	0	0	1	111	0	0
TEX50	0	0	0	0	0	0	0	0
KLHL20	0	77	0	4	0	43	0	0
CENPL	0	63	0	0	0	37	0	0
DARS2	0	23	0	10	0	73	0	0
ZBTB37	0	112	0	1	0	25	0	0
SERPINC1	0	36	0	0	0	62	0	0
RC3H1	0	80	0	7	1	294	0	0
RABGAP1L	0	134	0	2	0	128	0	0
GPR52	0	0	0	0	0	0	0	0
CACYBP	0	7	0	2	0	6	0	0
MRPS14	0	1	0	0	0	0	0	0
TNN	0	176	0	20	3	263	0	0
KIAA0040	0	31	0	0	0	15	0	0
TNR	1	271	0	2	4	276	0	0
COP1	0	80	0	2	0	47	0	0
PAPPA2	2	346	0	2	1	211	0	0
ASTN1	0	106	0	2	1	184	0	0
BRINP2	0	39	0	1	0	97	0	0
SEC16B	0	90	0	20	0	168	0	0
RASAL2	1	286	0	2	0	103	0	0
CLEC20A	0	0	0	0	0	0	0	0
TEX35	0	6	0	2	0	87	0	0
RALGPS2	0	162	0	4	0	49	0	0
ANGPTL1	0	145	0	3	0	35	0	0
FAM20B	0	106	0	0	0	20	0	0
TOR3A	0	25	0	20	0	82	0	0
ABL2	0	75	0	15	0	104	0	0
SOAT1	0	104	0	7	0	52	0	0
AXDND1	0	55	0	33	0	189	0	0
NPHS2	1	177	0	15	0	66	0	0
TDRD5	1	141	0	6	2	339	0	0
FAM163A	0	20	0	0	0	39	0	0
TOR1AIP2	0	48	0	2	0	15	0	0
TOR1AIP1	0	18	0	9	0	141	0	0
CEP350	2	356	0	4	1	555	0	0
QSOX1	0	43	0	3	0	58	0	0
LHX4	1	204	0	1	0	42	0	0
ACBD6	1	163	0	3	0	44	0	0
XPR1	0	188	0	0	0	54	0	0
KIAA1614	0	107	0	10	0	34	0	0
STX6	0	16	0	3	0	22	0	0
MR1	0	40	0	3	0	39	0	0
IER5	1	194	0	1	0	98	0	0
CACNA1E	3	481	0	10	0	195	0	0
ZNF648	0	23	0	23	0	36	0	0
GLUL	0	21	0	1	0	35	0	0
TEDDM1	0	12	0	6	0	11	0	0
RGSL1	2	131	0	17	0	58	0	0
RNASEL	0	169	0	79	0	255	0	0
RGS16	0	10	0	2	0	35	0	0
RGS8	0	23	0	0	0	15	0	0
NPL	1	162	0	11	1	60	0	0
DHX9	0	237	0	0	0	23	0	0
SHCBP1L	0	115	0	9	1	143	0	0
LAMC1	3	426	0	2	2	293	0	0
LAMC2	1	350	0	10	0	469	0	0
NMNAT2	0	14	0	1	0	20	0	0
SMG7	0	71	0	3	4	562	0	0
NCF2	0	20	0	2	0	257	0	0
ARPC5	0	1	0	0	0	13	0	0
RGL1	0	133	0	0	0	93	0	0
APOBEC4	0	0	0	0	0	0	0	0
COLGALT2	0	98	0	2	1	127	0	0
TSEN15	0	2	0	2	0	10	0	0
C1orf21	0	6	0	0	0	14	0	0
EDEM3	1	79	0	4	1	152	0	0
FAM129A	0	112	0	15	1	156	0	0
RNF2	0	11	0	0	0	6	0	0
TRMT1L	2	119	0	0	0	37	0	0
SWT1	0	18	0	2	1	68	0	0
IVNS1ABP	0	47	0	0	0	57	0	0
HMCN1	11	716	0	46	15	1074	0	0
PRG4	0	52	0	0	0	23	0	0
TPR	1	237	0	0	5	377	0	0
ODR4	0	60	0	5	0	135	0	0
OCLM	0	0	0	0	0	0	0	0
PDC	0	10	0	4	0	15	0	0
PTGS2	0	33	0	0	0	10	0	0
PLA2G4A	0	43	0	1	0	27	0	0
BRINP3	0	150	0	1	0	102	0	0
RGS18	0	5	0	4	0	9	0	0
RGS21	0	2	0	3	0	22	0	0
RGS1	0	8	0	1	0	8	0	0
RGS13	0	37	0	1	0	4	0	0
AL136454.1	0	0	0	0	0	0	0	0
RGS2	0	18	0	2	0	31	0	0
UCHL5	0	13	0	3	0	22	0	0
TROVE2	0	27	0	0	1	129	0	0
GLRX2	0	20	0	1	0	14	0	0
CDC73	0	65	0	1	0	73	0	0
B3GALT2	0	21	0	0	0	60	0	0
KCNT2	0	190	0	1	0	104	0	0
CFH	0	67	0	2	0	80	0	0
CFHR3	0	11	4	52	0	2	0	0
CFHR1	1	31	0	11	0	7	0	0
CFHR4	1	77	0	10	0	70	0	0
CFHR2	0	18	0	14	0	14	0	0
CFHR5	0	109	1	96	0	97	0	0
F13B	0	31	0	6	0	60	0	0
ASPM	1	86	0	14	2	190	0	0
ZBTB41	0	115	0	2	0	106	0	0
CRB1	1	123	0	6	0	99	0	0
DENND1B	1	87	0	1	0	28	0	0
C1orf53	0	11	0	9	0	5	0	0
LHX9	1	21	0	2	0	16	0	0
NEK7	0	19	0	1	0	14	0	0
ATP6V1G3	0	3	0	1	0	13	0	0
PTPRC	0	93	0	0	0	57	0	0
NR5A2	0	31	0	0	0	27	0	0
ZNF281	1	241	0	0	0	95	0	0
KIF14	0	177	0	7	3	236	0	0
DDX59	0	34	0	5	2	192	0	0
CAMSAP2	0	120	0	4	0	108	0	0
GPR25	0	106	0	2	0	9	0	0
INAVA	0	191	0	0	0	79	0	0
KIF21B	0	415	0	3	1	192	0	0
CACNA1S	1	334	0	8	0	328	0	0
ASCL5	0	0	0	0	0	0	0	0
TMEM9	0	168	0	0	0	8	0	0
IGFN1	2	353	0	24	1	282	0	0
PKP1	0	82	0	2	0	245	0	0
TNNT2	0	18	0	7	0	19	0	0
LAD1	0	98	0	4	1	55	0	0
TNNI1	0	24	0	0	0	51	0	0
PHLDA3	0	16	0	2	0	9	0	0
CSRP1	0	27	0	2	0	65	0	0
NAV1	3	271	0	2	2	175	0	0
IPO9	0	125	0	1	0	48	0	0
SHISA4	0	13	0	2	0	53	0	0
LMOD1	0	208	0	0	0	54	0	0
TIMM17A	0	11	0	3	0	13	0	0
RNPEP	0	151	0	15	0	127	0	0
ELF3	0	126	0	0	0	71	0	0
GPR37L1	0	158	0	0	0	34	0	0
ARL8A	0	55	0	1	0	4	0	0
PTPN7	0	53	0	20	0	205	0	0
LGR6	0	142	0	2	1	161	0	0
UBE2T	0	4	0	5	0	20	0	0
PPP1R12B	0	44	0	4	0	165	0	0
SYT2	0	80	0	2	0	31	0	0
KDM5B	0	391	0	11	1	97	0	0
RABIF	0	4	0	1	0	6	0	0
KLHL12	0	4	0	3	0	7	0	0
ADIPOR1	0	17	0	1	0	15	0	0
CYB5R1	0	24	0	1	0	9	0	0
TMEM183A	0	76	0	10	0	34	0	0
PPFIA4	0	48	0	2	0	74	0	0
MYOG	0	208	0	1	1	119	0	0
ADORA1	0	6	0	1	0	4	0	0
MYBPH	0	13	0	8	0	85	0	0
CHI3L1	0	26	0	3	0	57	0	0
CHIT1	0	53	0	46	0	144	0	0
BTG2	0	15	0	0	0	22	0	0
FMOD	0	101	0	0	0	77	0	0
PRELP	0	132	0	6	0	17	0	0
OPTC	0	58	0	0	1	187	0	0
ATP2B4	0	104	0	0	0	262	0	0
LAX1	0	0	0	0	0	0	0	0
ZC3H11A	0	72	0	1	0	73	0	0
ZBED6	0	72	0	1	0	73	0	0
SNRPE	0	4	0	0	0	2	0	0
SOX13	0	0	0	0	0	0	0	0
ETNK2	0	30	0	0	0	17	0	0
REN	0	58	0	3	1	25	0	0
KISS1	0	5	0	0	0	12	0	0
GOLT1A	0	69	0	0	0	35	0	0
PLEKHA6	3	331	0	4	2	262	0	0
PPP1R15B	1	91	0	1	0	39	0	0
PIK3C2B	0	142	0	1	2	397	0	0
MDM4	0	25	0	0	0	14	0	0
LRRN2	1	72	0	0	0	196	0	0
NFASC	2	323	0	2	0	116	0	0
CNTN2	0	121	0	8	0	176	0	0
TMEM81	0	0	0	0	0	0	0	0
RBBP5	0	129	0	1	0	17	0	0
DSTYK	0	42	0	7	0	124	0	0
TMCC2	2	173	0	2	0	90	0	0
NUAK2	1	239	0	12	0	75	0	0
KLHDC8A	0	98	0	3	0	48	0	0
LEMD1	0	0	0	2	0	1	0	0
CDK18	0	52	0	15	0	110	0	0
MFSD4A	0	63	0	1	0	19	0	0
ELK4	0	13	0	2	0	26	0	0
SLC45A3	0	153	0	3	0	87	0	0
NUCKS1	1	16	0	0	0	14	0	0
RAB29	0	14	0	0	0	18	0	0
SLC41A1	0	50	0	1	0	42	0	0
PM20D1	0	17	0	7	0	101	0	0
SLC26A9	0	202	0	3	0	201	0	0
RAB7B	0	0	0	0	0	0	0	0
CTSE	0	135	1	9	0	45	0	0
RHEX	0	48	0	50	0	1	0	0
AVPR1B	0	215	0	5	0	177	0	0
FAM72A	0	1	0	0	0	0	0	0
SRGAP2	0	0	0	0	0	0	0	0
IKBKE	1	324	0	1	0	68	0	0
RASSF5	0	1	0	0	0	2	0	0
EIF2D	0	88	0	5	0	53	0	0
DYRK3	0	13	0	5	0	58	0	0
MAPKAPK2	0	42	0	1	0	31	0	0
IL10	0	0	0	0	0	0	0	0
IL19	0	15	0	2	0	4	0	0
IL20	0	2	0	11	0	21	0	0
IL24	0	8	0	0	0	151	0	0
FCMR	0	15	0	3	0	19	0	0
PIGR	1	143	0	3	0	91	0	0
FCAMR	1	216	0	12	0	136	0	0
C1orf116	0	63	0	8	1	134	0	0
PFKFB2	0	59	0	13	0	88	0	0
YOD1	0	23	0	4	0	51	0	0
C4BPB	0	7	0	1	0	3	0	0
C4BPA	0	108	0	2	0	12	0	0
CD55	0	16	0	5	0	2	0	0
CR2	1	150	0	25	0	211	0	0
CR1	1	160	0	23	0	177	0	0
CR1L	0	171	0	10	0	16	0	0
CD46	0	145	0	1	0	4	0	0
CD34	0	92	0	4	0	53	0	0
PLXNA2	4	380	0	6	5	609	0	0
CAMK1G	0	56	0	0	2	72	0	0
LAMB3	2	185	0	20	0	122	0	0
G0S2	0	49	0	0	0	6	0	0
HSD11B1	0	85	0	1	0	15	0	0
TRAF3IP3	0	92	0	4	0	16	0	0
C1orf74	0	9	0	2	0	26	0	0
IRF6	0	79	0	0	0	26	0	0
UTP25	3	273	0	4	0	43	0	0
SYT14	0	92	0	0	0	42	0	0
SERTAD4	0	87	0	0	0	104	0	0
HHAT	0	45	0	7	0	201	0	0
KCNH1	0	80	0	3	0	107	0	0
AL590132.1	0	14	0	1	0	43	0	0
AC092017.3	0	8	0	1	0	6	0	0
RCOR3	0	11	0	0	0	26	0	0
TRAF5	0	16	0	4	0	33	0	0
RD3	0	26	0	0	0	34	0	0
SLC30A1	0	32	0	0	0	16	0	0
NEK2	0	18	0	8	0	22	0	0
LPGAT1	0	19	0	1	0	22	0	0
INTS7	0	50	0	2	0	157	0	0
DTL	0	230	0	1	0	24	0	0
PPP2R5A	0	16	0	0	0	11	0	0
TMEM206	0	50	0	68	0	59	0	0
NENF	0	15	0	2	0	12	0	0
ATF3	0	3	0	0	0	7	0	0
FAM71A	0	83	0	127	0	47	0	0
BATF3	0	2	0	2	0	6	0	0
NSL1	0	0	0	3	1	64	0	0
TATDN3	0	3	0	1	0	36	0	0
SPATA45	0	3	0	9	0	8	0	0
FLVCR1	0	9	0	0	0	47	0	0
VASH2	0	0	0	0	0	0	0	0
ANGEL2	0	10	0	1	0	23	0	0
RPS6KC1	0	70	0	6	0	178	0	0
PROX1	0	43	0	0	0	56	0	0
SMYD2	0	16	0	1	0	75	0	0
PTPN14	1	282	0	1	0	248	0	0
CENPF	1	361	0	26	0	240	0	0
KCNK2	0	19	0	2	0	16	0	0
KCTD3	0	119	0	1	0	44	0	0
USH2A	12	851	0	49	24	1171	0	0
ESRRG	0	62	0	1	0	17	0	0
GPATCH2	0	85	0	2	1	135	0	0
SPATA17	0	105	0	10	0	174	0	0
RRP15	0	119	0	80	0	36	0	0
TGFB2	0	35	0	1	1	163	0	0
LYPLAL1	0	32	0	4	0	39	0	0
SLC30A10	0	15	0	1	0	32	0	0
EPRS	0	79	0	3	0	101	0	0
BPNT1	1	150	0	0	0	55	0	0
IARS2	0	51	0	4	1	54	0	0
RAB3GAP2	0	43	0	1	0	37	0	0
MARK1	2	112	0	1	0	35	0	0
C1orf115	0	25	0	2	0	9	0	0
MARC2	0	92	0	1	0	73	0	0
MARC1	0	18	0	7	0	26	0	0
HLX	0	35	0	0	0	29	0	0
DUSP10	1	165	0	1	0	46	0	0
HHIPL2	0	38	0	20	0	317	0	0
TAF1A	0	17	0	6	0	25	0	0
MIA3	0	69	0	6	2	190	0	0
AIDA	0	17	0	1	0	13	0	0
BROX	0	16	0	4	0	25	0	0
FAM177B	0	99	0	4	0	7	0	0
DISP1	1	214	0	6	0	225	0	0
TLR5	0	199	0	15	1	324	0	0
SUSD4	0	67	0	2	0	113	0	0
CCDC185	0	111	0	7	0	66	0	0
CAPN8	0	48	0	4	0	49	0	0
CAPN2	2	203	0	99	0	170	0	0
TP53BP2	1	256	0	3	0	184	0	0
FBXO28	0	66	0	0	0	13	0	0
DEGS1	0	9	0	0	0	71	0	0
NVL	0	171	0	7	0	70	0	0
CNIH4	0	12	0	1	0	101	0	0
WDR26	0	117	0	0	0	36	0	0
CNIH3	0	16	0	1	0	12	0	0
DNAH14	0	293	1	305	4	380	0	0
LBR	0	35	0	2	0	53	0	0
ENAH	0	2	0	1	0	8	0	0
SRP9	0	3	0	0	0	2	0	0
EPHX1	0	105	0	4	0	75	0	0
TMEM63A	0	69	0	14	0	146	0	0
LEFTY1	0	21	0	1	1	98	0	0
AL117348.2	1	85	0	4	1	114	0	0
PYCR2	0	64	0	3	0	16	0	0
LEFTY2	0	126	0	5	0	63	0	0
SDE2	0	100	0	7	0	41	0	0
H3F3A	0	44	0	0	0	8	0	0
ACBD3	0	22	0	0	0	103	0	0
MIXL1	0	12	0	2	0	32	0	0
LIN9	0	77	0	2	0	154	0	0
PARP1	0	139	0	7	0	105	0	0
STUM	0	36	0	0	0	6	0	0
ITPKB	1	154	0	1	0	90	0	0
PSEN2	1	224	0	0	0	123	0	0
COQ8A	5	403	0	7	0	83	0	0
CDC42BPA	1	308	0	29	0	142	0	0
ZNF678	0	22	0	8	0	16	0	0
SNAP47	0	75	0	2	0	53	0	0
JMJD4	0	0	0	0	0	0	0	0
PRSS38	0	103	0	129	0	43	0	0
WNT9A	1	296	0	2	0	66	0	0
WNT3A	0	21	0	1	0	25	0	0
ARF1	0	85	0	0	0	8	0	0
C1orf35	0	0	0	0	0	0	0	0
MRPL55	0	0	0	0	0	0	0	0
GUK1	0	71	0	3	0	18	0	0
GJC2	0	35	0	4	0	36	0	0
IBA57	0	52	0	2	0	17	0	0
OBSCN	37	2502	1	286	47	1615	0	0
TRIM11	0	82	0	0	0	32	0	0
TRIM17	0	61	0	4	0	3	0	0
HIST3H3	0	47	0	10	0	41	0	0
HIST3H2A	0	39	0	0	0	33	0	0
HIST3H2BB	0	0	0	0	0	0	0	0
RNF187	0	18	0	1	0	45	0	0
RHOU	0	82	0	0	0	24	0	0
RAB4A	0	13	0	0	0	6	0	0
SPHAR	0	2	0	0	0	0	0	0
CCSAP	0	9	0	0	0	32	0	0
ACTA1	0	15	0	0	0	9	0	0
NUP133	0	118	0	5	3	284	0	0
ABCB10	1	168	0	2	0	39	0	0
TAF5L	0	56	0	1	1	104	0	0
URB2	0	156	0	13	3	210	0	0
GALNT2	0	50	0	1	0	140	0	0
PGBD5	1	148	0	0	0	125	0	0
COG2	1	310	0	3	0	45	0	0
AGT	0	137	0	3	0	127	0	0
CAPN9	0	57	1	105	2	248	0	0
C1orf198	0	65	0	1	0	36	0	0
TTC13	0	37	0	2	0	63	0	0
ARV1	0	4	0	10	1	113	0	0
FAM89A	0	29	0	11	0	52	0	0
TRIM67	1	168	0	1	0	83	0	0
C1orf131	0	16	0	0	0	15	0	0
GNPAT	0	152	0	1	0	907	0	0
EXOC8	0	0	0	0	0	0	0	0
SPRTN	0	12	0	4	0	23	0	0
EGLN1	0	62	0	0	0	30	0	0
TSNAX	0	39	0	0	0	68	0	0
TSNAX-DISC1	0	64	0	1	0	149	0	0
DISC1	0	41	0	9	0	85	0	0
SIPA1L2	1	191	0	1	3	309	0	0
MAP10	1	129	0	10	0	55	0	0
NTPCR	0	3	0	2	0	8	0	0
PCNX2	1	227	0	14	1	441	0	0
MAP3K21	0	89	0	6	1	194	0	0
KCNK1	0	7	0	1	0	16	0	0
SLC35F3	0	32	0	1	0	33	0	0
COA6	0	0	0	0	0	2	0	0
TARBP1	0	184	0	14	0	161	0	0
IRF2BP2	0	179	0	0	0	61	0	0
TOMM20	0	1	0	0	0	2	0	0
RBM34	0	7	0	5	0	17	0	0
ARID4B	0	55	0	9	0	180	0	0
GGPS1	0	5	0	2	0	18	0	0
TBCE	0	25	0	6	0	81	0	0
B3GALNT2	0	32	0	10	0	46	0	0
GNG4	0	1	0	0	0	13	0	0
LYST	0	260	0	7	4	758	0	0
NID1	1	240	0	0	5	364	0	0
GPR137B	0	2	0	2	0	82	0	0
ERO1B	0	24	0	4	0	120	0	0
EDARADD	0	88	0	1	0	14	0	0
LGALS8	0	23	0	3	0	23	0	0
HEATR1	0	220	0	1	3	319	0	0
ACTN2	0	163	0	2	0	169	0	0
MTR	1	159	0	7	0	319	0	0
MT1HL1	0	3	0	1	0	0	0	0
RYR2	9	813	0	10	0	414	0	0
ZP4	0	25	0	9	0	44	0	0
MTRNR2L11	0	0	0	0	0	0	0	0
CHRM3	0	72	0	3	0	16	0	0
FMN2	1	515	0	2	0	215	0	0
GREM2	0	9	0	0	0	66	0	0
RGS7	0	29	0	0	0	23	0	0
FH	0	21	0	2	0	32	0	0
KMO	0	22	0	0	0	22	0	0
OPN3	0	72	0	12	1	162	0	0
CHML	0	37	0	9	0	29	0	0
WDR64	0	67	0	30	1	82	0	0
EXO1	0	65	0	57	2	315	0	0
BECN2	0	63	0	97	0	56	0	0
MAP1LC3C	0	102	0	0	0	2	0	0
PLD5	0	5	0	1	0	9	0	0
CEP170	0	183	0	3	1	345	0	0
SDCCAG8	0	71	0	5	0	97	0	0
AKT3	0	18	0	0	0	9	0	0
ZBTB18	0	104	0	0	0	21	0	0
C1orf100	0	4	0	1	0	84	0	0
ADSS	0	10	0	1	0	12	0	0
CATSPERE	1	38	0	7	0	21	0	0
DESI2	0	8	0	0	0	3	0	0
AL451007.3	0	0	0	0	0	0	0	0
COX20	0	0	0	0	0	0	0	0
HNRNPU	0	65	0	7	0	31	0	0
EFCAB2	0	93	0	15	0	15	0	0
KIF26B	6	724	0	2	4	440	0	0
SMYD3	0	4	0	3	0	16	0	0
TFB2M	0	93	0	3	0	27	0	0
CNST	0	35	0	0	0	19	0	0
SCCPDH	0	40	0	7	0	28	0	0
AHCTF1	7	583	0	10	1	187	0	0
ZNF695	0	30	0	18	0	22	0	0
ZNF670-ZNF695	0	32	0	26	0	32	0	0
ZNF670	0	2	0	8	0	10	0	0
ZNF669	0	55	0	18	0	28	0	0
ZNF124	0	42	0	90	0	15	0	0
ZNF496	1	181	0	1	0	38	0	0
NLRP3	2	404	0	2	0	74	0	0
OR2B11	0	46	0	4	0	31	0	0
GCSAML	0	27	0	10	0	135	0	0
OR2C3	0	23	0	10	0	10	0	0
GCSAML-AS1	0	23	0	10	0	10	0	0
OR2G2	0	17	0	3	0	7	0	0
OR2G3	0	10	0	1	0	102	0	0
OR13G1	0	107	0	1	0	11	0	0
OR6F1	0	19	0	47	0	20	0	0
AC118470.1	0	19	0	47	0	20	0	0
OR14A2	0	0	0	0	0	0	0	0
OR14K1	0	0	0	0	0	0	0	0
OR1C1	0	63	0	3	0	20	0	0
OR14A16	0	49	0	3	0	9	0	0
OR11L1	1	124	0	1	0	17	0	0
TRIM58	0	37	0	25	0	84	0	0
OR2W3	0	33	0	2	0	349	0	0
OR2T8	0	0	0	0	0	0	0	0
OR2AJ1	0	0	0	0	0	0	0	0
OR2L8	0	38	0	7	0	55	0	0
OR2AK2	0	131	0	11	0	49	0	0
OR2L5	0	34	0	2	0	16	0	0
OR2L2	0	176	0	6	0	5	0	0
OR2L3	0	20	0	6	0	19	0	0
OR2L13	0	17	0	2	0	20	0	0
OR2M5	0	11	0	6	0	11	0	0
OR2M2	0	62	0	0	0	5	0	0
OR2M3	0	49	3	225	0	62	0	0
OR2M4	0	15	0	3	0	1	0	0
OR2T33	1	383	0	401	0	196	0	0
OR2T12	1	1067	0	13	4	122	0	0
OR2M7	0	49	0	6	0	13	0	0
OR14C36	0	12	0	8	0	13	0	0
OR2T4	2	215	0	10	0	8	0	0
OR2T6	0	153	0	3	0	28	0	0
OR2T1	0	63	0	3	0	19	0	0
OR2T2	0	211	0	73	0	89	0	0
OR2T3	0	68	0	19	0	129	0	0
OR2T5	0	0	0	0	0	0	0	0
OR2G6	0	85	0	30	0	33	0	0
OR2T29	0	1	0	0	0	0	0	0
OR2T34	0	256	0	9	1	16	0	0
OR2T10	4	85	0	2	0	5	0	0
OR2T11	1	23	2	47	7	163	0	0
OR2T35	0	22	3	75	0	21	0	0
OR2T27	0	66	0	108	0	80	0	0
OR14I1	0	0	0	0	0	0	0	0
LYPD8	0	0	0	0	0	0	0	0
SH3BP5L	0	27	0	0	0	42	0	0
ZNF672	0	128	0	4	0	42	0	0
ZNF692	0	68	0	3	0	29	0	0
PGBD2	0	86	0	1	0	39	0	0
