#Gene	syn.obs	syn.haps	lgd.obs	lgd.haps	dmis.obs	dmis.haps	lgd/dmis.obs	lgd/dmis.haps
DUSP22	0	27	0	1	0	21	0	0
IRF4	0	56	0	0	0	42	0	0
EXOC2	0	60	0	7	1	81	0	0
HUS1B	0	0	0	0	0	0	0	0
FOXQ1	0	35	0	3	0	22	0	0
FOXF2	0	34	0	0	0	34	0	0
FOXC1	0	87	0	0	0	61	0	0
GMDS	0	36	0	1	0	15	0	0
MYLK4	0	26	0	10	0	13	0	0
WRNIP1	0	19	0	4	0	50	0	0
SERPINB1	0	37	0	4	0	11	0	0
SERPINB9	0	28	0	11	0	34	0	0
SERPINB6	0	24	0	1	0	28	0	0
NQO2	0	13	0	9	0	18	0	0
RIPK1	0	50	0	2	0	42	0	0
BPHL	0	27	0	8	0	12	0	0
TUBB2A	0	29	0	1	0	12	0	0
TUBB2B	0	16	0	0	0	19	0	0
PSMG4	0	63	0	1	0	39	0	0
SLC22A23	0	84	0	1	0	61	0	0
PXDC1	0	27	0	7	0	19	0	0
FAM50B	0	11	0	1	0	35	0	0
PRPF4B	0	63	0	1	0	57	0	0
FAM217A	0	44	0	16	0	27	0	0
C6orf201	0	21	0	2	0	10	0	0
ECI2	0	24	0	2	0	11	0	0
CDYL	0	61	0	2	0	55	0	0
RPP40	0	18	0	4	0	20	0	0
PPP1R3G	0	49	0	3	0	26	0	0
LYRM4	0	2	0	0	0	6	0	0
FARS2	0	36	0	8	0	47	0	0
NRN1	0	8	0	0	0	14	0	0
F13A1	0	47	0	1	0	50	0	0
LY86	0	8	0	1	0	3	0	0
RREB1	0	153	0	3	1	171	0	0
SSR1	0	8	0	1	0	17	0	0
CAGE1	0	19	0	10	0	19	0	0
RIOK1	0	0	0	0	0	0	0	0
DSP	0	131	0	11	4	214	0	0
SNRNP48	0	22	0	7	0	45	0	0
BMP6	1	74	0	0	0	62	0	0
TXNDC5	0	33	0	3	0	28	0	0
BLOC1S5-TXNDC5	0	39	0	3	0	38	0	0
BLOC1S5	0	6	0	0	0	10	0	0
EEF1E1-BLOC1S5	0	15	0	1	0	16	0	0
EEF1E1	0	9	0	1	0	6	0	0
SLC35B3	0	43	0	5	0	36	0	0
TFAP2A	0	32	0	0	0	28	0	0
GCNT2	0	66	0	16	0	50	0	0
C6orf52	0	1	0	3	0	4	0	0
PAK1IP1	0	3	0	2	0	8	0	0
TMEM14C	0	3	0	4	0	7	0	0
TMEM14B	0	13	0	8	0	49	0	0
AL024498.2	0	84	0	11	0	118	0	0
MAK	0	12	0	8	0	44	0	0
GCM2	0	50	0	1	0	37	0	0
SYCP2L	0	39	0	5	0	38	0	0
ELOVL2	0	13	0	0	0	11	0	0
SMIM13	0	8	0	0	0	1	0	0
ERVFRD-1	0	0	0	0	0	0	0	0
NEDD9	0	55	0	2	0	51	0	0
TMEM170B	0	3	0	2	0	16	0	0
ADTRP	0	15	0	1	0	9	0	0
HIVEP1	0	168	0	1	0	190	0	0
EDN1	0	19	0	1	0	15	0	0
PHACTR1	0	44	0	0	0	24	0	0
TBC1D7	0	30	0	2	0	26	0	0
GFOD1	0	34	0	0	0	21	0	0
SIRT5	0	21	0	24	0	35	0	0
NOL7	0	6	0	0	0	1	0	0
RANBP9	0	66	0	1	0	47	0	0
MCUR1	0	22	0	4	0	14	0	0
RNF182	0	6	0	6	0	9	0	0
CD83	0	8	0	1	0	5	0	0
JARID2	0	121	0	0	0	88	0	0
DTNBP1	0	29	0	20	0	18	0	0
MYLIP	0	17	0	2	0	47	0	0
GMPR	0	17	0	4	0	41	0	0
ATXN1	0	636	0	0	0	64	0	0
STMND1	0	10	0	3	0	12	0	0
RBM24	0	14	0	2	0	12	0	0
CAP2	0	25	0	5	0	27	0	0
FAM8A1	0	26	0	0	0	22	0	0
NUP153	0	44	0	243	0	100	0	0
KIF13A	0	91	0	8	0	123	0	0
NHLRC1	0	18	0	1	0	20	0	0
TPMT	0	13	0	10	0	25	0	0
KDM1B	0	20	0	0	0	26	0	0
DEK	0	48	0	1	0	33	0	0
RNF144B	0	13	0	1	0	26	0	0
ID4	0	38	0	1	0	16	0	0
MBOAT1	0	33	0	3	0	19	0	0
E2F3	0	22	0	0	0	26	0	0
CDKAL1	0	33	0	4	0	27	0	0
SOX4	0	55	0	0	0	39	0	0
PRL	0	20	0	1	0	4	0	0
HDGFL1	0	26	0	1	0	13	0	0
NRSN1	0	5	0	3	0	4	0	0
DCDC2	0	36	0	5	0	15	0	0
KAAG1	0	9	0	0	0	0	0	0
MRS2	0	10	0	15	0	21	0	0
GPLD1	0	93	0	11	0	88	0	0
ALDH5A1	0	18	0	5	0	40	0	0
KIAA0319	0	65	0	6	0	88	0	0
TDP2	0	14	0	1	0	12	0	0
ACOT13	0	8	0	9	0	11	0	0
C6orf62	0	6	0	0	0	7	0	0
GMNN	0	1	0	2	0	4	0	0
ARMH2	0	0	0	0	0	0	0	0
AL512428.1	0	10	0	0	0	19	0	0
RIPOR2	0	59	0	2	0	102	0	0
CARMIL1	0	87	0	0	0	120	0	0
SCGN	0	5	0	1	0	0	0	0
HIST1H2AA	0	0	0	0	0	0	0	0
HIST1H2BA	0	38	0	1	0	9	0	0
SLC17A4	0	11	0	12	0	28	0	0
SLC17A1	0	23	0	10	0	7	0	0
SLC17A3	0	4	0	1	0	2	0	0
SLC17A2	0	27	0	3	0	20	0	0
TRIM38	0	16	0	1	0	4	0	0
HIST1H1A	0	36	0	2	0	46	0	0
HIST1H3A	0	0	0	0	0	0	0	0
HIST1H4A	0	0	0	0	0	0	0	0
HIST1H4B	0	42	0	16	0	18	0	0
HIST1H3B	0	0	0	0	0	0	0	0
HIST1H2AB	0	29	0	8	0	32	0	0
HIST1H2BB	0	0	0	0	0	0	0	0
HIST1H3C	0	0	0	0	0	0	0	0
HIST1H1C	0	81	0	1	0	72	0	0
HFE	0	16	0	0	0	32	0	0
HIST1H4C	0	0	0	0	0	0	0	0
HIST1H1T	0	29	0	9	0	43	0	0
HIST1H2BC	0	0	0	0	0	0	0	0
HIST1H2AC	0	17	0	1	0	6	0	0
HIST1H1E	0	0	0	0	0	0	0	0
HIST1H2BD	0	42	0	1	0	16	0	0
HIST1H2BE	0	35	0	1	0	6	0	0
HIST1H4D	0	0	0	0	0	0	0	0
AL031777.3	0	43	0	1	0	31	0	0
HIST1H3D	0	0	0	0	0	0	0	0
HIST1H2AD	0	43	0	1	0	31	0	0
HIST1H2BF	0	0	0	0	0	0	0	0
HIST1H4E	0	0	0	0	0	0	0	0
HIST1H2BG	0	0	0	0	0	0	0	0
HIST1H2AE	0	18	0	0	0	3	0	0
HIST1H3E	0	29	0	2	0	18	0	0
HIST1H1D	0	42	0	2	1	56	0	0
HIST1H4F	0	5	0	6	0	23	0	0
HIST1H4G	0	6	0	1	0	10	0	0
HIST1H3F	0	0	0	0	0	0	0	0
HIST1H2BH	0	0	0	0	0	0	0	0
HIST1H3G	0	0	0	0	0	0	0	0
HIST1H2BI	0	0	0	0	0	0	0	0
HIST1H4H	0	37	0	11	0	7	0	0
BTN3A2	0	16	0	10	0	31	0	0
BTN2A2	0	25	0	2	0	13	0	0
BTN3A1	0	0	0	1	0	0	0	0
BTN3A3	0	72	0	1	0	28	0	0
BTN2A1	0	18	0	20	0	24	0	0
BTN1A1	0	13	0	3	0	26	0	0
HMGN4	0	4	0	1	0	11	0	0
ABT1	0	7	0	4	0	19	0	0
ZNF322	0	8	0	3	0	20	0	0
HIST1H2BJ	1	31	0	0	0	14	0	0
HIST1H2AG	0	0	0	0	0	0	0	0
HIST1H4I	0	0	0	0	0	0	0	0
HIST1H2BK	0	65	0	1	0	14	0	0
HIST1H2AH	0	0	0	0	0	0	0	0
PRSS16	0	23	0	2	0	25	0	0
POM121L2	0	2	0	4	0	1	0	0
ZNF391	0	32	0	9	0	34	0	0
ZNF184	0	34	0	2	0	31	0	0
HIST1H2BL	0	0	0	0	0	0	0	0
HIST1H2AI	0	10	0	3	0	7	0	0
HIST1H3H	0	0	0	0	0	0	0	0
HIST1H2AJ	0	28	0	2	0	11	0	0
HIST1H2BM	0	0	0	0	0	0	0	0
HIST1H4J	0	27	0	2	0	7	0	0
HIST1H4K	0	43	0	3	0	8	0	0
HIST1H2BN	0	20	0	1	0	6	0	0
HIST1H2AK	0	0	0	0	0	0	0	0
HIST1H2AL	0	0	0	0	0	0	0	0
HIST1H1B	0	50	0	0	0	34	0	0
HIST1H3I	0	0	0	0	0	0	0	0
HIST1H4L	0	0	0	0	0	0	0	0
HIST1H3J	0	7	0	3	0	7	0	0
HIST1H2AM	0	0	0	0	0	0	0	0
HIST1H2BO	0	0	0	0	0	0	0	0
OR2B2	0	15	0	0	0	30	0	0
OR2B6	0	27	0	0	0	15	0	0
ZNF165	0	13	0	8	0	4	0	0
ZSCAN16	0	8	0	5	0	4	0	0
ZKSCAN8	0	20	0	5	0	33	0	0
ZSCAN9	0	34	0	3	0	12	0	0
ZKSCAN4	0	28	0	5	0	28	0	0
NKAPL	0	14	0	14	0	21	0	0
ZSCAN26	0	5	0	1	0	1	0	0
AL021997.3	0	5	0	1	0	1	0	0
PGBD1	0	17	0	11	0	31	0	0
ZSCAN31	0	11	0	10	0	12	0	0
ZKSCAN3	0	16	0	5	0	14	0	0
ZSCAN12	0	22	0	19	0	36	0	0
ZSCAN23	0	13	0	2	0	11	0	0
GPX6	0	6	0	3	0	15	0	0
GPX5	0	11	0	3	0	14	0	0
ZBED9	0	74	0	6	0	59	0	0
TRIM27	0	26	0	1	0	16	0	0
ZNF311	0	23	0	10	0	22	0	0
OR2W1	0	6	0	1	0	18	0	0
OR2B3	0	8	0	0	0	10	0	0
OR2J1	0	0	0	0	0	0	0	0
OR2J3	0	18	0	1	0	13	0	0
OR2J2	0	14	0	16	0	19	0	0
OR14J1	0	6	0	5	0	6	0	0
OR5V1	0	20	0	6	0	36	0	0
OR12D3	0	0	0	0	0	0	0	0
OR12D2	0	0	0	0	0	0	0	0
OR11A1	0	15	0	1	0	17	0	0
OR10C1	0	0	0	0	0	0	0	0
OR2H1	0	13	0	5	0	45	0	0
MAS1L	0	40	0	11	0	12	0	0
OR2I1P	0	0	0	0	0	0	0	0
UBD	0	0	0	0	0	0	0	0
GABBR1	0	42	0	0	0	34	0	0
OR2H2	0	0	0	0	0	0	0	0
MOG	0	1	0	0	0	4	0	0
ZFP57	0	20	0	3	0	12	0	0
HLA-F	1	44	0	4	0	18	0	0
HLA-G	0	39	0	20	0	18	0	0
HLA-A	0	13	0	7	0	28	0	0
ZNRD1	0	1	0	0	0	4	0	0
PPP1R11	0	0	0	0	0	0	0	0
RNF39	0	38	0	5	2	54	0	0
TRIM31	0	8	0	7	0	13	0	0
TRIM40	0	1	0	3	0	20	0	0
TRIM10	0	6	0	1	0	5	0	0
TRIM15	0	5	0	2	0	4	0	0
TRIM26	0	36	0	0	0	20	0	0
TRIM39	0	16	0	1	0	18	0	0
TRIM39-RPP21	0	16	0	1	0	18	0	0
RPP21	0	0	0	0	0	0	0	0
HLA-E	0	3	0	2	0	6	0	0
GNL1	0	7	0	1	0	32	0	0
PRR3	0	3	0	1	0	445	0	0
ABCF1	0	44	0	2	0	54	0	0
PPP1R10	0	51	0	2	0	51	0	0
MRPS18B	0	9	0	5	0	20	0	0
ATAT1	0	0	0	0	0	1	0	0
C6orf136	1	52	0	3	0	15	0	0
DHX16	0	11	0	3	0	24	0	0
PPP1R18	0	4	0	0	0	5	0	0
NRM	0	9	0	0	0	18	0	0
MDC1	0	114	0	6	0	46	0	0
TUBB	0	20	0	0	0	2	0	0
FLOT1	1	12	0	2	0	28	0	0
IER3	0	17	0	0	0	30	0	0
DDR1	0	88	0	8	0	129	0	0
GTF2H4	0	30	0	8	0	18	0	0
VARS2	0	75	0	19	0	91	0	0
SFTA2	0	17	0	4	0	9	0	0
MUCL3	0	15	0	4	0	5	0	0
MUC21	0	50	0	7	0	2	0	0
MUC22	0	299	0	16	0	35	0	0
C6orf15	0	24	0	2	0	4	0	0
PSORS1C1	0	9	0	1	0	102	0	0
CDSN	0	0	0	0	0	0	0	0
PSORS1C2	0	9	0	1	0	102	0	0
CCHCR1	0	13	0	6	0	25	0	0
TCF19	0	17	0	0	0	11	0	0
POU5F1	0	44	0	0	0	17	0	0
HLA-C	0	23	0	1	1	24	0	0
HLA-B	0	65	0	2	1	53	0	0
MICA	0	0	0	0	0	0	0	0
MICB	0	20	0	21	0	8	0	0
MCCD1	0	0	0	0	0	0	0	0
DDX39B	0	11	0	0	0	0	0	0
ATP6V1G2-DDX39B	0	17	0	0	0	2	0	0
ATP6V1G2	0	6	0	0	0	2	0	0
NFKBIL1	0	4	0	1	0	20	0	0
LTA	0	4	0	0	0	2	0	0
TNF	0	0	0	0	0	0	0	0
LTB	0	14	0	0	0	9	0	0
LST1	0	0	0	3	0	2	0	0
NCR3	0	0	0	0	0	0	0	0
AIF1	0	5	0	3	0	15	0	0
PRRC2A	0	74	0	4	0	105	0	0
BAG6	0	68	0	0	0	94	0	0
APOM	0	0	0	0	0	0	0	0
C6orf47	0	0	0	0	0	0	0	0
GPANK1	0	0	0	0	0	0	0	0
CSNK2B	0	0	0	0	0	0	0	0
AL662899.2	0	3	0	1	0	2	0	0
LY6G5B	0	3	0	1	0	2	0	0
LY6G5C	0	23	0	2	0	1	0	0
ABHD16A	0	13	0	1	0	17	0	0
AL662899.1	0	24	0	3	0	26	0	0
LY6G6F	0	11	0	2	0	9	0	0
LY6G6F-LY6G6D	0	11	0	2	0	9	0	0
LY6G6E	0	0	0	0	0	0	0	0
LY6G6D	0	0	0	0	0	0	0	0
MPIG6B	0	0	0	0	0	0	0	0
LY6G6C	0	0	0	0	0	0	0	0
DDAH2	0	0	0	0	0	0	0	0
CLIC1	0	2	0	2	0	28	0	0
MSH5	0	33	0	13	0	54	0	0
MSH5-SAPCD1	0	33	0	13	0	54	0	0
SAPCD1	0	0	0	0	0	0	0	0
VWA7	0	25	0	5	0	26	0	0
VARS	0	16	0	0	0	12	0	0
LSM2	0	1	0	1	0	1	0	0
HSPA1L	0	8	0	1	0	12	0	0
HSPA1A	0	29	0	1	0	21	0	0
HSPA1B	0	6	0	1	0	3	0	0
C6orf48	0	0	0	0	0	0	0	0
NEU1	0	0	0	0	0	0	0	0
SLC44A4	0	44	0	3	0	53	0	0
EHMT2	0	50	0	2	0	61	0	0
C2	0	69	0	2	0	78	0	0
ZBTB12	0	43	0	0	0	15	0	0
AL645922.1	0	26	0	2	0	63	0	0
CFB	0	0	0	0	0	0	0	0
NELFE	0	1	0	4	0	2	0	0
SKIV2L	0	39	0	4	0	60	0	0
DXO	0	14	0	2	0	29	0	0
STK19	0	22	0	1	0	16	0	0
C4A	0	18	0	1	0	18	0	0
C4B	0	1	0	0	1	11	0	0
CYP21A2	0	0	0	0	0	0	0	0
TNXB	0	298	0	28	0	337	0	0
ATF6B	0	17	0	1	0	47	0	0
FKBPL	0	16	0	6	0	11	0	0
PRRT1	0	21	0	1	0	37	0	0
AL662884.4	0	12	0	0	0	30	0	0
PPT2	0	5	0	0	0	1	0	0
PPT2-EGFL8	0	5	0	0	0	1	0	0
EGFL8	0	0	0	0	0	0	0	0
AGPAT1	0	0	0	0	0	0	0	0
RNF5	0	0	0	0	0	0	0	0
AGER	0	0	0	0	0	0	0	0
PBX2	0	0	0	0	0	0	0	0
GPSM3	0	0	0	0	0	0	0	0
NOTCH4	0	1302	0	15	0	186	0	0
C6orf10	0	4	0	12	0	10	0	0
BTNL2	0	40	0	7	0	23	0	0
HLA-DRA	0	18	0	820	0	11	0	0
HLA-DRB5	0	109	0	0	0	8	0	0
HLA-DRB1	0	4	0	0	0	9	0	0
HLA-DQA1	0	10	1	3	0	10	0	0
HLA-DQB1	1	321	0	1	0	6	0	0
HLA-DQA2	0	16	0	0	0	25	0	0
HLA-DQB2	0	9	0	0	0	21	0	0
HLA-DOB	0	11	0	16	0	21	0	0
AL669918.1	0	49	0	16	0	67	0	0
TAP2	0	39	0	1	0	52	0	0
PSMB8	0	0	0	0	0	0	0	0
PSMB9	0	50	0	6	0	54	0	0
TAP1	0	47	0	6	0	52	0	0
HLA-DMB	0	13	0	0	0	1	0	0
AL645941.2	0	21	0	1	0	10	0	0
HLA-DMA	0	14	0	1	0	10	0	0
BRD2	0	72	0	1	0	65	0	0
HLA-DOA	0	34	0	4	0	8	0	0
HLA-DPA1	0	8	0	0	0	1	0	0
HLA-DPB1	0	6	0	1	0	9	0	0
COL11A2	0	127	0	8	0	175	0	0
RXRB	0	0	0	0	0	0	0	0
SLC39A7	0	0	0	0	0	0	0	0
HSD17B8	0	0	0	0	0	0	0	0
RING1	0	0	0	0	0	0	0	0
VPS52	0	9	0	0	0	14	0	0
RPS18	0	0	0	0	0	0	0	0
B3GALT4	0	7	0	6	0	15	0	0
WDR46	0	7	0	6	0	15	0	0
PFDN6	0	16	0	0	0	11	0	0
RGL2	0	6	0	2	0	7	0	0
TAPBP	0	43	0	2	0	24	0	0
ZBTB22	0	0	0	0	0	0	0	0
DAXX	0	37	0	1	0	40	0	0
AL662820.1	0	4	0	0	0	8	0	0
KIFC1	0	0	0	0	0	0	0	0
PHF1	0	0	0	0	0	0	0	0
CUTA	0	0	0	0	0	0	0	0
SYNGAP1	0	112	0	0	0	45	0	0
ZBTB9	0	0	0	0	0	0	0	0
BAK1	0	7	0	1	0	22	0	0
ITPR3	1	188	0	16	2	202	0	0
UQCC2	0	13	0	0	0	5	0	0
IP6K3	0	30	0	15	0	46	0	0
LEMD2	0	46	0	2	0	51	0	0
MLN	0	3	0	1	0	1	0	0
GRM4	0	62	0	3	0	65	0	0
HMGA1	0	10	0	0	0	3	0	0
SMIM29	0	0	0	0	0	0	0	0
NUDT3	0	0	0	0	0	5	0	0
RPS10-NUDT3	0	7	0	0	0	13	0	0
RPS10	0	7	0	0	0	8	0	0
PACSIN1	0	20	0	0	0	25	0	0
SPDEF	0	35	0	0	0	26	0	0
C6orf106	0	23	0	2	0	7	0	0
SNRPC	0	5	0	1	0	9	0	0
UHRF1BP1	0	65	0	5	0	122	0	0
TAF11	0	0	0	0	0	3	0	0
ANKS1A	0	55	0	0	1	74	0	0
TCP11	0	19	0	10	0	35	0	0
SCUBE3	0	66	0	3	0	91	0	0
ZNF76	0	1	0	2	0	21	0	0
DEF6	0	55	0	2	0	126	0	0
PPARD	0	33	0	1	0	32	0	0
FANCE	0	22	0	5	0	41	0	0
RPL10A	0	0	0	0	0	0	0	0
TEAD3	0	24	0	0	0	26	0	0
TULP1	0	47	0	6	0	58	0	0
FKBP5	0	16	0	0	0	25	0	0
ARMC12	0	34	0	5	0	46	0	0
CLPSL2	0	11	0	1	0	2	0	0
CLPSL1	0	8	0	0	0	2	0	0
CLPS	0	27	0	0	0	6	0	0
LHFPL5	0	8	0	2	0	26	0	0
SRPK1	0	0	0	4	0	0	0	0
SLC26A8	0	62	0	10	0	35	0	0
MAPK14	0	17	0	1	0	20	0	0
MAPK13	0	28	0	1	0	26	0	0
BRPF3	0	37	0	2	0	44	0	0
PNPLA1	0	30	0	2	0	23	0	0
C6orf222	0	54	0	14	0	829	0	0
ETV7	0	26	0	2	0	25	0	0
PXT1	0	2	0	2	0	0	0	0
KCTD20	0	5	0	1	0	7	0	0
STK38	0	15	0	2	0	21	0	0
SRSF3	0	0	0	0	0	0	0	0
CDKN1A	0	10	0	1	0	19	0	0
RAB44	0	81	0	7	0	69	0	0
CPNE5	0	56	0	2	0	48	0	0
PPIL1	0	7	0	0	0	5	0	0
C6orf89	0	47	0	8	0	28	0	0
PI16	0	19	0	7	0	13	0	0
MTCH1	0	22	0	4	0	43	0	0
FGD2	0	65	0	1	0	78	0	0
PIM1	0	28	0	0	0	11	0	0
TMEM217	0	16	0	1	0	3	0	0
TBC1D22B	0	37	0	0	0	46	0	0
RNF8	0	6	0	1	0	3	0	0
CMTR1	0	28	0	2	0	40	0	0
CCDC167	0	14	0	0	0	5	0	0
MDGA1	0	37	0	1	0	50	0	0
ZFAND3	0	20	0	0	0	9	0	0
BTBD9	0	20	0	3	0	34	0	0
GLO1	0	1	0	2	0	18	0	0
DNAH8	1	233	0	62	2	424	0	0
GLP1R	0	54	0	2	0	46	0	0
SAYSD1	0	4	0	7	0	5	0	0
KCNK5	0	57	0	2	0	29	0	0
KCNK17	0	21	0	3	0	12	0	0
KCNK16	0	22	0	1	0	30	0	0
KIF6	0	58	0	15	0	62	0	0
DAAM2	0	71	0	0	0	165	0	0
MOCS1	0	44	0	0	0	109	0	0
LRFN2	0	60	0	0	0	823	0	0
UNC5CL	0	27	0	10	0	46	0	0
OARD1	0	30	0	13	0	40	0	0
TSPO2	0	0	0	0	0	0	0	0
APOBEC2	0	12	0	1	0	17	0	0
NFYA	0	11	0	2	0	9	0	0
TREML1	0	1	0	0	0	6	0	0
TREM2	0	13	0	4	0	23	0	0
TREML2	0	16	0	0	0	8	0	0
TREML4	0	11	0	4	0	2	0	0
TREM1	0	23	0	4	0	2	0	0
NCR2	0	24	0	4	0	10	0	0
FOXP4	0	85	0	1	0	57	0	0
MDFI	0	24	0	0	0	11	0	0
TFEB	0	35	0	0	0	52	0	0
PGC	0	19	0	1	0	5	0	0
FRS3	0	61	0	3	0	103	0	0
AL365205.1	0	14	0	9	0	33	0	0
PRICKLE4	0	14	0	9	0	33	0	0
TOMM6	0	0	0	0	0	0	0	0
USP49	0	39	0	0	0	55	0	0
MED20	0	11	0	0	0	8	0	0
BYSL	0	13	0	0	0	42	0	0
CCND3	0	5	0	3	0	8	0	0
TAF8	0	28	0	2	1	24	0	0
C6orf132	1	73	0	8	0	55	0	0
GUCA1A	0	23	0	2	0	21	0	0
AL096814.1	0	0	0	0	0	0	0	0
GUCA1B	0	11	0	5	0	16	0	0
MRPS10	0	853	0	4	0	17	0	0
TRERF1	0	113	0	1	0	93	0	0
UBR2	0	61	0	3	0	126	0	0
PRPH2	0	25	0	2	0	25	0	0
TBCC	0	16	0	1	0	48	0	0
BICRAL	0	60	0	0	0	66	0	0
RPL7L1	0	2	0	1	0	27	0	0
C6orf226	0	0	0	0	0	0	0	0
PTCRA	0	18	0	11	0	11	0	0
CNPY3	0	15	0	7	0	14	0	0
GNMT	0	0	0	0	0	0	0	0
PEX6	0	33	0	4	0	44	0	0
PPP2R5D	0	0	0	0	0	3	0	0
MEA1	0	0	0	0	0	0	0	0
KLHDC3	0	0	0	0	0	0	0	0
RRP36	0	16	0	8	0	46	0	0
CUL7	1	71	0	9	0	137	0	0
KLC4	1	59	0	6	0	139	0	0
MRPL2	0	11	0	0	0	20	0	0
PTK7	0	54	0	0	0	50	0	0
SRF	0	24	0	0	0	19	0	0
CUL9	0	159	0	3	1	151	0	0
DNPH1	0	21	0	4	0	11	0	0
TTBK1	0	153	0	2	0	112	0	0
SLC22A7	0	6	0	0	0	15	0	0
CRIP3	0	5	0	6	0	22	0	0
ZNF318	0	111	0	6	1	163	0	0
ABCC10	0	104	0	9	1	157	0	0
DLK2	0	0	0	0	0	0	0	0
TJAP1	0	33	0	3	0	54	0	0
LRRC73	0	0	0	0	0	0	0	0
POLR1C	0	72	0	2	0	65	0	0
YIPF3	0	0	0	0	0	0	0	0
XPO5	0	80	0	4	0	79	0	0
POLH	0	15	0	5	0	41	0	0
GTPBP2	0	21	0	2	0	33	0	0
MAD2L1BP	0	11	0	0	0	3	0	0
RSPH9	0	6	0	3	0	20	0	0
MRPS18A	0	10	0	1	0	9	0	0
VEGFA	0	23	0	0	0	8	0	0
C6orf223	0	22	0	7	0	17	0	0
MRPL14	0	9	0	0	0	14	0	0
TMEM63B	0	64	0	0	0	42	0	0
CAPN11	1	70	0	8	0	54	0	0
MYMX	0	0	0	0	0	0	0	0
SLC29A1	0	20	0	3	0	28	0	0
HSP90AB1	0	66	0	1	0	37	0	0
SLC35B2	0	0	0	0	0	0	0	0
NFKBIE	0	41	0	14	0	16	0	0
TMEM151B	0	55	0	7	0	116	0	0
AL353588.1	0	74	0	10	0	146	0	0
TCTE1	0	11	0	0	0	38	0	0
AARS2	0	48	0	8	0	95	0	0
SPATS1	0	14	0	2	0	9	0	0
CDC5L	0	45	0	1	0	48	0	0
SUPT3H	0	7	0	13	0	27	0	0
RUNX2	0	53	0	0	0	468	0	0
CLIC5	0	40	0	0	0	39	0	0
ENPP4	0	11	0	3	0	41	0	0
ENPP5	0	46	0	9	0	29	0	0
RCAN2	0	18	0	0	0	19	0	0
CYP39A1	0	28	0	6	0	29	0	0
SLC25A27	0	13	0	4	0	9	0	0
TDRD6	0	113	0	34	0	148	0	0
PLA2G7	0	22	0	10	0	46	0	0
ANKRD66	0	2	0	0	0	0	0	0
MEP1A	0	51	0	4	0	60	0	0
ADGRF5	0	79	0	3	0	110	0	0
ADGRF1	0	57	0	13	0	63	0	0
TNFRSF21	0	55	0	2	0	55	0	0
CD2AP	0	31	0	3	0	25	0	0
ADGRF2	0	36	0	11	0	29	0	0
ADGRF4	0	63	0	7	0	42	0	0
OPN5	0	0	0	0	0	0	0	0
PTCHD4	0	44	0	1	0	87	0	0
MUT	0	20	0	8	0	76	0	0
CENPQ	0	2	0	12	0	3	0	0
GLYATL3	0	9	0	4	0	25	0	0
C6orf141	0	10	0	2	0	17	0	0
RHAG	0	7	0	0	0	10	0	0
CRISP2	0	21	0	2	0	11	0	0
CRISP3	0	27	0	563	0	6	0	0
PGK2	0	16	0	12	0	36	0	0
CRISP1	0	14	0	10	0	19	0	0
DEFB133	0	5	0	0	0	0	0	0
DEFB114	0	2	0	0	0	1	0	0
DEFB113	0	0	0	0	0	0	0	0
DEFB110	0	8	0	1	0	10	0	0
DEFB112	0	2	0	6	0	1	0	0
TFAP2D	0	32	0	0	0	29	0	0
TFAP2B	0	23	0	0	0	29	0	0
PKHD1	0	190	0	35	2	236	0	0
IL17A	0	14	0	1	0	10	0	0
IL17F	0	8	0	2	0	12	0	0
MCM3	0	57	0	4	0	90	0	0
PAQR8	0	689	0	3	0	26	0	0
EFHC1	0	740	0	12	1	141	0	0
TRAM2	0	10	0	1	0	23	0	0
TMEM14A	0	5	0	0	0	6	0	0
GSTA2	0	22	0	0	0	30	0	0
GSTA1	0	19	0	3	0	13	0	0
GSTA5	0	9	0	8	0	13	0	0
GSTA3	0	13	0	3	0	37	0	0
GSTA4	0	5	0	3	0	14	0	0
ICK	0	38	0	4	0	33	0	0
FBXO9	0	22	0	2	0	22	0	0
GCM1	0	23	0	0	0	18	0	0
ELOVL5	0	8	0	0	0	28	0	0
GCLC	0	28	0	1	0	30	0	0
KLHL31	0	23	0	2	0	83	0	0
LRRC1	0	14	0	1	0	34	0	0
MLIP	0	21	0	8	0	46	0	0
TINAG	0	58	0	10	0	52	0	0
FAM83B	0	63	0	6	0	80	0	0
HCRTR2	0	29	0	0	0	28	0	0
GFRAL	0	22	0	1	0	40	0	0
HMGCLL1	0	22	0	2	0	32	0	0
BMP5	0	5	0	2	0	51	0	0
COL21A1	0	52	0	19	0	103	0	0
DST	1	297	0	13	4	390	0	0
BEND6	0	4	0	2	0	23	0	0
KIAA1586	0	25	0	33	0	18	0	0
ZNF451	0	33	0	3	0	38	0	0
BAG2	0	4	0	0	0	0	0	0
RAB23	0	10	0	1	0	17	0	0
PRIM2	0	1	0	0	0	2	0	0
KHDRBS2	0	15	0	5	0	38	0	0
FKBP1C	0	0	0	0	0	0	0	0
LGSN	0	33	0	5	0	42	0	0
PTP4A1	0	0	0	0	0	0	0	0
AL135905.2	0	0	0	0	0	0	0	0
PHF3	0	96	0	33	0	160	0	0
EYS	0	90	0	34	0	120	0	0
ADGRB3	0	121	0	2	0	111	0	0
LMBRD1	0	20	0	3	0	32	0	0
COL19A1	0	34	0	12	0	104	0	0
COL9A1	0	591	0	6	0	95	0	0
FAM135A	0	4	0	0	0	12	0	0
SDHAF4	0	8	0	6	0	12	0	0
SMAP1	0	10	0	4	0	14	0	0
B3GAT2	0	21	0	1	0	27	0	0
OGFRL1	0	27	0	2	0	21	0	0
RIMS1	0	89	0	4	0	104	0	0
KCNQ5	0	77	0	0	0	63	0	0
AL365232.1	0	22	0	2	0	20	0	0
KHDC1L	0	6	0	0	0	1	0	0
KHDC1	0	21	0	3	0	19	0	0
DPPA5	0	1	0	3	0	5	0	0
KHDC3L	0	3	0	0	0	4	0	0
OOEP	0	24	0	5	0	4	0	0
DDX43	0	25	0	4	0	6	0	0
CGAS	0	33	0	9	0	29	0	0
MTO1	0	28	0	8	0	58	0	0
EEF1A1	0	40	0	0	0	30	0	0
SLC17A5	0	27	0	3	0	27	0	0
CD109	0	62	0	23	0	90	0	0
COL12A1	0	198	0	5	1	300	0	0
COX7A2	0	12	0	1	0	6	0	0
TMEM30A	0	12	0	4	0	3	0	0
FILIP1	0	58	0	5	0	77	0	0
SENP6	0	47	0	0	0	90	0	0
MYO6	0	37	0	0	0	83	0	0
IMPG1	0	48	0	10	0	20	0	0
HTR1B	0	16	0	0	0	21	0	0
MEI4	0	37	0	4	0	30	0	0
IRAK1BP1	0	22	0	2	0	48	0	0
PHIP	0	82	0	2	0	50	0	0
HMGN3	0	1	0	0	0	5	0	0
LCA5	1	34	0	6	0	29	0	0
SH3BGRL2	0	3	0	1	0	18	0	0
ELOVL4	0	16	0	3	0	21	0	0
TTK	0	35	0	8	0	48	0	0
BCKDHB	0	19	0	5	0	19	0	0
TENT5A	0	23	0	0	0	16	0	0
IBTK	0	36	0	7	0	47	0	0
TPBG	0	30	0	1	0	47	0	0
UBE3D	0	2	0	0	0	0	0	0
DOP1A	0	110	0	7	1	129	0	0
PGM3	0	8	0	5	0	14	0	0
RWDD2A	0	0	0	0	0	0	0	0
ME1	0	19	0	10	0	57	0	0
PRSS35	0	11	0	4	0	27	0	0
SNAP91	0	48	0	2	0	64	0	0
RIPPLY2	0	1	0	3	0	0	0	0
CYB5R4	0	24	0	1	0	20	0	0
MRAP2	0	8	0	2	0	16	0	0
CEP162	0	46	0	16	0	74	0	0
TBX18	0	44	0	0	0	56	0	0
NT5E	0	45	0	6	0	41	0	0
SNX14	0	27	0	10	0	67	0	0
AL589666.1	0	25	0	3	0	41	0	0
SYNCRIP	0	35	0	0	0	28	0	0
HTR1E	0	24	0	2	1	35	0	0
CGA	0	4	0	0	0	2	0	0
ZNF292	0	165	0	3	2	220	0	0
GJB7	0	6	0	11	0	48	0	0
SMIM8	0	0	0	4	0	27	0	0
C6orf163	0	0	0	0	0	0	0	0
CFAP206	0	10	0	0	0	27	0	0
AL049697.1	0	22	0	0	0	38	0	0
SLC35A1	0	12	0	0	0	11	0	0
RARS2	0	39	0	3	1	58	0	0
ORC3	0	22	0	11	0	35	0	0
AKIRIN2	0	22	0	0	0	12	0	0
SPACA1	0	16	0	1	0	18	0	0
CNR1	0	0	0	0	0	7	0	0
RNGTT	0	28	0	1	0	30	0	0
PNRC1	0	39	0	1	0	25	0	0
SRSF12	0	13	0	3	0	18	0	0
PM20D2	0	18	0	1	0	34	0	0
GABRR1	0	36	0	5	0	42	0	0
GABRR2	0	41	0	8	0	37	0	0
UBE2J1	0	11	0	0	0	15	0	0
RRAGD	0	14	0	0	0	8	0	0
ANKRD6	1	60	0	2	0	132	0	0
LYRM2	1	59	0	2	0	129	0	0
MDN1	1	240	0	9	0	348	0	0
CASP8AP2	0	0	0	0	0	0	0	0
GJA10	0	16	0	8	0	53	0	0
BACH2	0	54	0	0	0	44	0	0
MAP3K7	0	25	0	0	0	21	0	0
EPHA7	0	50	0	1	1	67	0	0
MANEA	0	12	0	7	0	38	0	0
FUT9	0	11	0	0	0	18	0	0
UFL1	0	41	0	8	0	75	0	0
FHL5	0	13	0	2	0	17	0	0
GPR63	0	9	0	3	0	22	0	0
NDUFAF4	0	9	0	1	0	7	0	0
KLHL32	0	9	0	0	0	7	0	0
MMS22L	0	43	0	6	0	115	0	0
POU3F2	0	49	0	0	0	24	0	0
FBXL4	0	24	0	15	0	38	0	0
FAXC	0	13	0	0	0	22	0	0
COQ3	0	16	0	11	0	8	0	0
PNISR	0	31	0	1	0	90	0	0
USP45	0	19	0	34	0	38	0	0
TSTD3	0	1	0	1	0	6	0	0
CCNC	0	5	0	0	0	3	0	0
PRDM13	0	2	0	1	0	18	0	0
MCHR2	0	11	0	4	0	13	0	0
SIM1	0	56	0	2	1	914	0	0
ASCC3	0	33	0	8	0	33	0	0
GRIK2	0	54	0	1	0	46	0	0
HACE1	0	28	0	2	0	29	0	0
LIN28B	0	11	0	1	0	3	0	0
BVES	0	16	0	4	0	41	0	0
POPDC3	0	20	0	4	0	14	0	0
PREP	0	43	0	5	0	62	0	0
ATG5	0	63	0	2	0	78	0	0
PRDM1	0	55	0	2	0	73	0	0
CRYBG1	0	88	0	25	0	98	0	0
RTN4IP1	0	18	0	7	0	34	0	0
QRSL1	0	23	0	2	0	29	0	0
CD24	0	0	0	0	0	0	0	0
C6orf203	0	4	0	0	0	7	0	0
BEND3	0	80	0	0	0	58	0	0
PDSS2	0	17	0	1	0	20	0	0
SOBP	0	72	0	2	0	43	0	0
SCML4	0	47	0	4	0	24	0	0
SEC63	0	22	0	9	0	29	0	0
OSTM1	0	20	0	1	0	21	0	0
NR2E1	0	15	0	1	0	8	0	0
SNX3	0	5	0	0	0	8	0	0
AFG1L	0	24	0	4	0	38	0	0
FOXO3	0	77	0	0	0	63	0	0
ARMC2	0	54	0	5	0	63	0	0
SESN1	0	24	0	1	0	33	0	0
CEP57L1	0	21	0	6	0	31	0	0
CD164	0	14	0	0	0	11	0	0
PPIL6	0	26	0	3	0	25	0	0
SMPD2	0	24	0	12	0	28	0	0
MICAL1	0	36	0	11	0	56	0	0
ZBTB24	0	40	0	7	0	46	0	0
AK9	0	44	0	28	0	74	0	0
FIG4	0	43	0	11	0	55	0	0
GPR6	0	29	0	0	0	26	0	0
WASF1	0	36	0	0	0	21	0	0
CDC40	0	19	0	2	0	33	0	0
METTL24	1	33	0	10	0	33	0	0
DDO	0	25	0	4	0	17	0	0
SLC22A16	0	69	0	15	0	53	0	0
CDK19	0	13	0	2	0	13	0	0
AMD1	0	5	0	0	0	12	0	0
GTF3C6	0	7	0	3	0	7	0	0
RPF2	0	4	0	3	0	9	0	0
SLC16A10	0	3	0	0	0	12	0	0
MFSD4B	0	30	0	10	0	28	0	0
REV3L	1	146	0	6	1	194	0	0
TRAF3IP2	0	17	0	3	0	40	0	0
FYN	0	32	0	2	0	18	0	0
WISP3	0	17	0	5	0	27	0	0
TUBE1	0	0	0	0	0	0	0	0
FAM229B	0	0	0	1	0	5	0	0
LAMA4	0	138	0	4	0	184	0	0
AL365214.3	0	8	0	3	0	15	0	0
RFPL4B	0	8	0	5	0	28	0	0
MARCKS	0	34	0	1	0	49	0	0
HDAC2	0	15	0	0	0	26	0	0
HS3ST5	0	41	0	3	0	34	0	0
FRK	0	62	0	8	0	46	0	0
NT5DC1	0	27	0	7	0	70	0	0
COL10A1	0	19	0	7	0	60	0	0
TSPYL4	0	0	0	0	0	0	0	0
DSE	0	57	0	2	0	102	0	0
TSPYL1	0	17	0	1	0	20	0	0
Z84488.2	0	39	0	10	0	61	0	0
CALHM6	0	3	0	9	0	3	0	0
TRAPPC3L	0	4	0	5	0	18	0	0
CALHM5	0	0	0	0	0	0	0	0
CALHM4	0	31	0	3	0	9	0	0
RWDD1	0	1	0	0	0	6	0	0
RSPH4A	0	16	0	14	0	48	0	0
ZUP1	0	3	0	2	0	7	0	0
KPNA5	0	15	0	3	0	27	0	0
FAM162B	0	10	0	1	0	6	0	0
GPRC6A	0	51	0	4	0	52	0	0
RFX6	0	41	0	2	0	53	0	0
VGLL2	0	29	0	1	0	36	0	0
ROS1	2	129	0	28	0	202	0	0
AL132671.2	1	157	0	27	0	209	0	0
DCBLD1	0	51	0	3	0	46	0	0
GOPC	0	15	0	0	0	43	0	0
NUS1	0	25	0	0	0	39	0	0
SLC35F1	0	16	0	0	0	25	0	0
CEP85L	0	36	0	3	1	22	0	0
PLN	0	0	0	1	0	4	0	0
MCM9	0	72	0	9	0	74	0	0
ASF1A	0	6	0	1	0	2	0	0
FAM184A	0	36	0	7	0	73	0	0
MAN1A1	0	33	0	0	0	39	0	0
TBC1D32	0	54	0	17	1	115	0	0
GJA1	0	119	0	0	0	31	0	0
HSF2	0	29	0	3	0	31	0	0
SERINC1	0	22	0	4	0	38	0	0
PKIB	0	1	0	1	0	16	0	0
FABP7	0	14	0	2	0	16	0	0
SMPDL3A	0	28	0	4	0	24	0	0
CLVS2	0	13	0	0	0	14	0	0
TRDN	0	13	0	14	0	93	0	0
NKAIN2	0	7	0	1	0	14	0	0
RNF217	0	3	0	1	0	8	0	0
TPD52L1	0	12	0	1	0	26	0	0
HDDC2	0	13	0	1	0	54	0	0
HEY2	0	32	0	0	0	28	0	0
NCOA7	0	27	0	1	0	65	0	0
HINT3	0	8	0	3	0	8	0	0
TRMT11	0	24	0	6	0	33	0	0
CENPW	0	5	0	1	0	5	0	0
RSPO3	0	14	0	0	0	12	0	0
RNF146	0	19	0	0	0	20	0	0
ECHDC1	0	5	0	1	0	0	0	0
AL096711.2	0	70	0	4	0	61	0	0
KIAA0408	0	0	0	1	0	0	0	0
SOGA3	0	70	0	3	0	61	0	0
C6orf58	0	8	0	2	0	15	0	0
THEMIS	0	37	0	6	0	58	0	0
PTPRK	0	89	0	4	0	83	0	0
LAMA2	0	157	0	22	1	286	0	0
ARHGAP18	0	28	0	9	0	40	0	0
TMEM244	0	4	0	6	0	2	0	0
L3MBTL3	0	43	0	0	0	39	0	0
SAMD3	0	16	0	12	0	25	0	0
TMEM200A	0	28	0	2	0	48	0	0
SMLR1	0	4	0	0	0	5	0	0
EPB41L2	0	50	0	0	0	76	0	0
AKAP7	0	4	0	1	0	3	0	0
ARG1	0	0	0	0	0	0	0	0
MED23	0	35	0	9	0	64	0	0
ENPP3	0	105	0	21	0	76	0	0
OR2A4	0	20	0	0	0	4	0	0
CTAGE9	0	37	0	11	0	12	0	0
ENPP1	0	66	0	3	1	53	0	0
CTGF	0	17	0	2	0	17	0	0
MOXD1	0	50	0	6	0	60	0	0
STX7	0	24	0	1	0	1	0	0
TAAR9	0	14	0	8	0	32	0	0
TAAR8	0	14	0	8	0	4	0	0
TAAR6	0	45	0	1	0	10	0	0
TAAR5	0	18	0	4	0	73	0	0
TAAR2	0	18	0	6	0	25	0	0
TAAR1	0	7	0	12	0	37	0	0
VNN1	0	52	0	17	0	62	0	0
VNN3	0	5	0	0	0	6	0	0
VNN2	0	32	0	9	0	34	0	0
SLC18B1	0	27	0	4	0	36	0	0
RPS12	0	4	0	2	0	8	0	0
EYA4	0	25	0	4	0	44	0	0
TCF21	0	5	0	0	0	15	0	0
TBPL1	0	3	0	0	0	4	0	0
SLC2A12	0	26	0	3	0	27	0	0
SGK1	0	38	0	0	0	14	0	0
ALDH8A1	0	55	0	4	0	46	0	0
HBS1L	0	62	0	6	0	43	0	0
MYB	0	27	0	0	0	38	0	0
AHI1	0	46	0	11	0	62	0	0
PDE7B	0	25	0	0	0	32	0	0
MTFR2	0	0	0	0	0	3	0	0
BCLAF1	0	35	0	7	0	85	0	0
MAP7	0	43	0	5	0	95	0	0
MAP3K5	0	56	0	7	0	79	0	0
PEX7	0	22	0	5	0	13	0	0
SLC35D3	0	29	0	0	0	26	0	0
IL20RA	0	35	0	0	0	24	0	0
IL22RA2	0	23	0	16	0	18	0	0
IFNGR1	0	29	0	2	0	5	0	0
OLIG3	0	27	0	1	0	27	0	0
TNFAIP3	0	49	0	1	0	53	0	0
PERP	0	5	0	0	0	13	0	0
ARFGEF3	0	139	0	6	0	247	0	0
PBOV1	0	0	0	0	0	0	0	0
SMIM28	0	0	0	0	0	0	0	0
HEBP2	0	22	0	1	0	30	0	0
NHSL1	0	33	0	1	0	44	0	0
GVQW2	0	0	0	0	0	0	0	0
CCDC28A	0	26	0	8	0	28	0	0
ECT2L	0	70	0	26	0	38	0	0
REPS1	0	43	0	1	0	65	0	0
ABRACL	0	2	0	0	0	18	0	0
HECA	0	26	0	0	0	26	0	0
TXLNB	0	43	0	8	0	44	0	0
CITED2	0	45	0	0	0	9	0	0
NMBR	0	33	0	9	0	39	0	0
GJE1	0	0	0	0	0	0	0	0
VTA1	0	9	0	1	0	10	0	0
ADGRG6	0	60	0	6	0	100	0	0
HIVEP2	2	258	0	1	0	147	0	0
AIG1	0	11	0	2	0	30	0	0
ADAT2	0	11	0	2	0	14	0	0
PEX3	0	5	0	1	0	15	0	0
FUCA2	0	23	0	4	0	25	0	0
PHACTR2	0	33	0	2	0	24	0	0
AL049844.1	0	2	0	13	0	2	0	0
LTV1	0	18	0	20	0	14	0	0
AL049844.3	0	17	0	2	0	26	0	0
ZC2HC1B	0	14	0	2	0	16	0	0
PLAGL1	0	0	0	0	0	4	0	0
SF3B5	0	0	0	0	0	6	0	0
STX11	0	3	0	2	0	35	0	0
UTRN	0	173	0	18	1	285	0	0
EPM2A	0	19	0	4	0	46	0	0
FBXO30	0	19	0	5	0	34	0	0
SHPRH	0	75	0	5	0	109	0	0
GRM1	0	96	0	1	0	84	0	0
RAB32	0	6	0	3	0	28	0	0
ADGB	0	37	0	16	0	37	0	0
STXBP5	0	71	0	4	0	67	0	0
SAMD5	0	12	0	0	0	16	0	0
SASH1	0	976	0	4	0	102	0	0
UST	0	20	0	7	0	43	0	0
TAB2	0	36	0	5	0	36	0	0
SUMO4	0	7	0	3	0	1	0	0
ZC3H12D	0	41	0	2	0	28	0	0
PPIL4	0	21	0	7	0	28	0	0
GINM1	0	10	0	2	0	18	0	0
KATNA1	0	12	0	0	0	28	0	0
LATS1	0	48	0	0	0	78	0	0
NUP43	0	14	0	5	0	33	0	0
PCMT1	0	6	0	0	0	18	0	0
AL355312.5	0	40	0	237	0	23	0	0
LRP11	0	23	0	0	0	19	0	0
RAET1E	0	18	0	237	0	4	0	0
RAET1G	0	34	0	3	0	5	0	0
ULBP2	0	22	0	3	0	9	0	0
ULBP1	0	26	0	3	0	0	0	0
RAET1L	0	18	0	7	0	22	0	0
ULBP3	0	13	0	1	0	3	0	0
PPP1R14C	0	2	0	1	0	25	0	0
IYD	0	25	0	3	0	22	0	0
PLEKHG1	0	117	0	13	1	96	0	0
MTHFD1L	0	31	0	3	0	79	0	0
AKAP12	0	100	0	3	0	77	0	0
ZBTB2	0	22	0	1	0	26	0	0
RMND1	0	1	0	2	0	4	0	0
ARMT1	0	20	0	9	0	21	0	0
CCDC170	0	27	0	18	0	58	0	0
ESR1	0	381	0	0	0	39	0	0
SYNE1	4	390	0	32	12	712	0	0
MYCT1	0	2	0	23	0	19	0	0
VIP	0	6	0	1	0	11	0	0
FBXO5	0	18	0	0	0	16	0	0
MTRF1L	0	9	0	0	0	10	0	0
RGS17	0	4	0	0	0	15	0	0
OPRM1	1	55	0	4	0	97	0	0
IPCEF1	0	22	0	2	0	21	0	0
CNKSR3	0	18	0	1	0	23	0	0
SCAF8	0	56	0	1	0	67	0	0
TIAM2	1	168	0	5	1	175	0	0
TFB1M	0	15	0	12	0	49	0	0
CLDN20	0	6	0	0	0	21	0	0
NOX3	0	33	0	8	0	62	0	0
ARID1B	2	277	0	9	0	213	0	0
TMEM242	0	11	0	6	0	23	0	0
ZDHHC14	0	22	0	1	0	8	0	0
SNX9	0	20	0	0	0	20	0	0
SYNJ2	2	176	0	26	0	163	0	0
SERAC1	0	20	0	6	0	20	0	0
GTF2H5	0	0	0	1	0	20	0	0
TULP4	1	73	0	0	0	70	0	0
TMEM181	0	35	0	5	0	46	0	0
DYNLT1	0	0	0	0	0	0	0	0
SYTL3	0	52	0	13	0	74	0	0
EZR	0	36	0	1	0	41	0	0
RSPH3	0	18	0	8	0	35	0	0
TAGAP	0	28	0	3	0	7	0	0
FNDC1	0	168	0	8	0	174	0	0
SOD2	0	33	0	1	1	51	0	0
WTAP	0	25	0	0	0	30	0	0
ACAT2	0	2	0	0	0	6	0	0
TCP1	0	18	0	2	0	29	0	0
MRPL18	0	0	0	0	0	0	0	0
PNLDC1	0	14	0	4	0	4	0	0
MAS1	0	22	0	4	0	42	0	0
IGF2R	0	187	0	6	0	165	0	0
SLC22A1	0	33	0	20	0	53	0	0
SLC22A2	0	33	0	1	0	41	0	0
SLC22A3	0	37	0	1	0	55	0	0
LPA	0	65	0	25	0	95	0	0
PLG	0	15	0	0	0	29	0	0
MAP3K4	0	50	0	0	1	71	0	0
AGPAT4	0	30	0	0	0	41	0	0
PRKN	0	27	0	3	0	42	0	0
PACRG	0	17	0	11	0	27	0	0
QKI	0	31	0	0	0	10	0	0
C6orf118	0	40	0	2	0	25	0	0
PDE10A	0	53	0	0	0	16	0	0
TBXT	0	40	0	2	0	28	0	0
PRR18	0	54	0	4	0	20	0	0
SFT2D1	0	14	0	4	0	7	0	0
MPC1	0	0	0	0	0	7	0	0
RPS6KA2	0	64	0	3	0	40	0	0
RAMACL	0	0	0	0	0	0	0	0
AL159163.1	0	0	0	3	0	1	0	0
RNASET2	0	4	0	3	0	1	0	0
FGFR1OP	0	18	0	0	0	27	0	0
CCR6	0	21	0	3	0	16	0	0
TCP10L2	0	47	0	19	0	19	0	0
GPR31	0	24	0	11	0	17	0	0
UNC93A	0	75	0	1	0	40	0	0
TTLL2	0	58	0	4	0	63	0	0
TCP10	0	33	0	4	0	0	0	0
AFDN	1	107	0	1	0	154	0	0
KIF25	0	23	0	15	0	22	0	0
FRMD1	0	60	0	4	0	48	0	0
DACT2	0	63	0	4	0	64	0	0
SMOC2	0	58	0	5	0	48	0	0
THBS2	0	107	0	3	0	104	0	0
AL031315.1	0	45	0	6	0	74	0	0
WDR27	0	45	0	6	0	74	0	0
C6orf120	1	33	0	2	0	11	0	0
PHF10	0	16	0	3	0	16	0	0
TCTE3	0	5	0	1	0	8	0	0
ERMARD	0	19	0	9	0	12	0	0
DLL1	0	117	0	0	1	63	0	0
FAM120B	0	40	0	5	0	26	0	0
PSMB1	0	17	0	1	0	13	0	0
TBP	0	1089	0	1	0	4	0	0
PDCD2	0	17	0	3	0	26	0	0
