#Gene	syn.obs	syn.haps	lgd.obs	lgd.haps	dmis.obs	dmis.haps	lgd/dmis.obs	lgd/dmis.haps
BET1L	0	40	0	4	0	69	0	0
SCGB1C1	0	0	0	0	0	0	0	0
ODF3	0	32	0	4	0	60	0	0
RIC8A	0	10	0	0	0	39	0	0
SIRT3	0	4	0	0	0	9	0	0
PSMD13	0	32	0	1	0	32	0	0
NLRP6	1	73	0	13	0	74	0	0
PGGHG	0	0	0	0	0	0	0	0
IFITM5	0	22	0	5	0	18	0	0
IFITM2	0	14	0	1	0	14	0	0
IFITM1	0	14	0	1	0	13	0	0
IFITM3	0	9	0	0	0	3	0	0
B4GALNT4	0	108	0	2	0	82	0	0
PKP3	0	93	0	8	0	149	0	0
SIGIRR	0	0	0	0	0	0	0	0
ANO9	0	45	0	7	0	47	0	0
PTDSS2	0	39	0	5	0	28	0	0
RNH1	0	17	0	2	0	36	0	0
HRAS	0	0	0	0	0	0	0	0
LRRC56	0	71	0	3	0	30	0	0
LMNTD2	0	1	0	2	0	3	0	0
RASSF7	0	1	0	2	0	3	0	0
PHRF1	1	231	0	3	0	133	0	0
IRF7	0	0	0	0	0	0	0	0
CDHR5	0	8	0	0	0	16	0	0
SCT	0	23	0	4	0	17	0	0
DRD4	0	82	0	7	0	80	0	0
DEAF1	0	52	0	1	1	57	0	0
EPS8L2	0	91	0	11	0	130	0	0
TMEM80	0	7	0	0	0	5	0	0
TALDO1	0	18	0	1	0	62	0	0
GATD1	0	33	0	6	0	38	0	0
CEND1	0	0	0	0	0	0	0	0
SLC25A22	0	47	0	3	0	30	0	0
PANO1	0	0	0	0	0	0	0	0
PIDD1	0	68	0	4	0	75	0	0
RPLP2	0	5	0	0	0	4	0	0
PNPLA2	0	1200	0	2	0	76	0	0
CRACR2B	0	0	0	0	0	0	0	0
CD151	0	33	0	1	0	34	0	0
POLR2L	0	18	0	1	0	13	0	0
TSPAN4	0	14	0	2	0	11	0	0
CHID1	0	42	0	9	0	30	0	0
AP2A2	0	139	0	1	0	61	0	0
MUC6	1	161	0	19	0	146	0	0
MUC2	0	0	0	3	0	0	0	0
MUC5AC	0	95	0	0	0	53	0	0
MUC5B	9	477	0	4	0	54	0	0
TOLLIP	0	44	0	1	0	24	0	0
BRSK2	1	156	0	2	0	52	0	0
MOB2	0	112	0	1	0	17	0	0
DUSP8	0	103	0	2	0	34	0	0
KRTAP5-1	0	27	0	0	0	12	0	0
KRTAP5-2	0	12	0	0	0	8	0	0
KRTAP5-3	0	31	0	2	0	11	0	0
KRTAP5-4	0	32	0	6	0	14	0	0
KRTAP5-5	0	20	0	2	0	10	0	0
KRTAP5-6	0	12	0	1	0	14	0	0
IFITM10	0	15	0	0	0	7	0	0
AC068580.4	0	59	0	1	0	27	0	0
CTSD	0	44	0	1	0	20	0	0
SYT8	0	0	0	0	0	0	0	0
TNNI2	0	46	0	1	0	23	0	0
LSP1	0	29	0	4	0	42	0	0
PRR33	0	0	0	0	0	0	0	0
TNNT3	0	9	0	3	0	21	0	0
MRPL23	0	0	0	0	0	0	0	0
IGF2	0	7	0	1	0	4	0	0
INS-IGF2	1	31	0	1	0	5	0	0
INS	1	24	0	0	0	1	0	0
TH	0	9	0	1	0	7	0	0
ASCL2	0	8	0	2	0	14	0	0
C11orf21	0	3	0	1	0	0	0	0
TSPAN32	0	15	0	2	0	16	0	0
CD81	0	37	0	2	0	14	0	0
TSSC4	0	0	0	0	0	0	0	0
TRPM5	1	163	0	17	1	181	0	0
KCNQ1	0	80	0	907	0	32	0	0
CDKN1C	0	3	0	0	0	6	0	0
SLC22A18AS	0	2	0	0	0	4	0	0
SLC22A18	0	50	0	7	0	51	0	0
PHLDA2	0	0	0	0	0	0	0	0
NAP1L4	0	16	0	2	0	30	0	0
CARS	0	1100	0	2	0	79	0	0
OSBPL5	0	90	0	4	0	78	0	0
MRGPRG	0	30	0	8	0	20	0	0
MRGPRE	0	41	0	1	0	27	0	0
ZNF195	0	19	0	1	0	7	0	0
ART5	0	16	0	2	0	27	0	0
ART1	0	35	0	14	0	30	0	0
CHRNA10	0	3	0	0	0	8	0	0
NUP98	0	71	0	0	0	153	0	0
PGAP2	0	10	0	9	0	48	0	0
RHOG	0	0	0	0	0	0	0	0
STIM1	0	61	0	2	0	73	0	0
RRM1	0	36	0	0	0	19	0	0
SSU72P5	0	0	0	0	0	0	0	0
SSU72P2	0	0	0	0	0	0	0	0
SSU72P4	0	0	0	0	0	0	0	0
SSU72P3	0	0	0	0	0	0	0	0
SSU72P7	0	0	0	0	0	0	0	0
OR52B4	0	6	0	1	0	10	0	0
TRIM21	0	46	0	3	0	25	0	0
OR52K2	0	36	0	2	0	28	0	0
OR52K1	0	25	0	9	0	33	0	0
OR52M1	1	20	0	7	0	47	0	0
C11orf40	1	32	0	33	0	16	0	0
OR52I2	0	47	0	8	0	18	0	0
OR52I1	0	0	0	0	0	0	0	0
TRIM68	0	23	0	6	0	41	0	0
OR51D1	0	21	0	6	0	42	0	0
OR51E1	0	13	0	0	0	39	0	0
OR51E2	0	11	0	3	0	28	0	0
OR51C1P	0	0	0	0	0	0	0	0
MMP26	4	179	0	38	1	918	0	0
OR51F1	0	23	0	8	0	756	0	0
OR52R1	0	0	0	0	0	0	0	0
OR51F2	0	23	0	4	0	31	0	0
OR51S1	0	14	0	2	0	11	0	0
OR51T1	0	37	0	1	0	26	0	0
OR51A7	0	10	0	3	0	25	0	0
OR51G2	0	27	0	13	0	51	0	0
OR51G1	0	0	0	0	0	0	0	0
OR51A4	0	27	0	4	0	14	0	0
OR51A2	4	22	0	1	1	14	0	0
OR51L1	0	12	0	2	0	19	0	0
OR52J3	0	31	0	0	0	23	0	0
OR52E2	0	23	0	2	0	29	0	0
OR52A5	0	7	0	3	0	27	0	0
OR52A1	0	16	0	5	0	8	0	0
OR51V1	0	44	0	13	0	43	0	0
HBB	0	17	0	8	0	10	0	0
HBD	0	6	0	2	0	4	0	0
HBG1	0	1	0	0	0	3	0	0
AC104389.5	0	1	0	0	0	3	0	0
HBG2	0	12	0	2	0	8	0	0
AC104389.4	1	1236	0	38	2	195	0	0
HBE1	0	12	0	2	0	8	0	0
OR51B4	0	0	0	0	0	0	0	0
OR51B5	0	0	0	0	0	0	0	0
OR51B2	0	0	0	0	0	0	0	0
OR51B6	0	0	0	0	0	0	0	0
OR51M1	0	0	0	0	0	0	0	0
OR51Q1	0	0	0	0	0	0	0	0
OR51I1	0	0	0	0	0	0	0	0
OR51I2	0	0	0	0	0	0	0	0
OR52D1	0	0	0	0	0	0	0	0
UBQLN3	0	0	0	0	0	0	0	0
UBQLNL	0	19	0	19	0	43	0	0
OR52H1	0	9	0	2	0	28	0	0
OR52B6	0	1130	0	4	0	28	0	0
TRIM6	0	29	0	8	0	79	0	0
TRIM6-TRIM34	0	54	0	11	1	92	0	0
TRIM34	0	25	0	3	0	13	0	0
TRIM5	3	161	0	36	2	179	0	0
TRIM22	0	48	0	18	0	35	0	0
OR56B1	0	12	0	11	0	10	0	0
OR52N4	0	11	0	3	0	17	0	0
OR52N5	3	20	0	1	1	12	0	0
OR52N1	0	12	0	3	1	22	0	0
OR52N2	0	0	0	0	0	0	0	0
OR52E6	0	12	0	4	0	24	0	0
OR52E8	0	0	0	0	0	0	0	0
OR52E4	0	21	0	3	0	16	0	0
OR52E5	0	0	0	0	0	0	0	0
OR56A3	0	9	0	5	0	13	0	0
OR56A5	0	13	0	3	0	13	0	0
OR52L1	0	24	0	3	0	38	0	0
OR56A4	0	25	0	1	0	39	0	0
OR56A1	0	18	0	3	0	18	0	0
OR56B4	0	19	0	3	0	22	0	0
OR52B2	0	0	0	0	0	0	0	0
OR52W1	0	39	0	4	0	35	0	0
C11orf42	0	3	0	0	0	1	0	0
FAM160A2	0	93	0	0	2	151	0	0
CNGA4	0	44	0	8	0	71	0	0
CCKBR	0	18	0	4	0	45	0	0
CAVIN3	0	34	0	5	0	33	0	0
SMPD1	0	0	0	0	0	0	0	0
APBB1	0	61	0	3	0	83	0	0
HPX	0	53	0	10	0	30	0	0
TRIM3	0	83	0	0	0	30	0	0
ARFIP2	0	24	0	0	0	19	0	0
TIMM10B	0	0	0	0	0	0	0	0
AC084337.2	0	18	0	4	0	28	0	0
DNHD1	1	287	0	53	2	358	0	0
RRP8	0	35	0	12	0	66	0	0
ILK	0	12	0	2	0	31	0	0
TAF10	0	12	0	2	0	31	0	0
TPP1	0	6	0	1	0	16	0	0
DCHS1	0	142	0	1	0	286	0	0
MRPL17	0	6	0	1	0	6	0	0
OR2AG2	0	17	0	3	0	26	0	0
OR2AG1	0	16	0	4	0	1108	0	0
OR6A2	0	17	0	5	0	29	0	0
OR10A5	0	24	0	0	0	44	0	0
OR10A2	0	26	0	9	0	31	0	0
OR10A4	0	16	0	7	0	25	0	0
OR2D2	0	20	0	18	0	52	0	0
OR2D3	0	3	0	0	0	5	0	0
ZNF215	0	35	0	10	0	47	0	0
ZNF214	0	19	0	2	0	30	0	0
NLRP14	0	63	0	26	0	86	0	0
RBMXL2	0	57	0	0	0	36	0	0
SYT9	0	19	0	2	0	38	0	0
OLFML1	0	8	0	0	0	18	0	0
PPFIBP2	0	53	0	5	1	121	0	0
CYB5R2	0	24	0	3	0	31	0	0
OVCH2	0	9	0	4	0	15	0	0
OR5P2	0	19	0	1	1	25	0	0
OR5P3	0	32	0	0	0	17	0	0
OR10A6	0	10	0	15	0	15	0	0
OR10A3	0	21	0	11	0	43	0	0
NLRP10	1	39	0	3	0	29	0	0
EIF3F	0	33	0	0	0	32	0	0
TUB	0	52	0	2	0	71	0	0
RIC3	0	17	0	2	0	21	0	0
LMO1	0	9	0	0	0	8	0	0
STK33	0	15	0	11	0	35	0	0
TRIM66	0	47	0	6	0	102	0	0
RPL27A	0	36	0	0	0	49	0	0
ST5	1	71	0	0	1	125	0	0
AKIP1	0	7	0	0	0	16	0	0
C11orf16	0	37	0	6	0	7	0	0
ASCL3	0	2	0	1	0	7	0	0
TMEM9B	0	9	0	0	0	8	0	0
NRIP3	0	18	0	9	0	37	0	0
SCUBE2	0	62	0	20	0	123	0	0
DENND5A	0	57	0	1	0	98	0	0
TMEM41B	0	8	0	1	0	14	0	0
IPO7	0	23	0	1	0	32	0	0
ZNF143	0	19	0	0	0	55	0	0
WEE1	0	12	0	0	0	15	0	0
SWAP70	0	14	0	1	0	38	0	0
SBF2	0	91	0	2	1	161	0	0
ADM	0	9	0	1	0	6	0	0
AMPD3	0	83	0	1124	0	105	0	0
MTRNR2L8	0	0	0	0	0	0	0	0
RNF141	0	10	0	2	0	11	0	0
LYVE1	0	39	0	8	0	66	0	0
MRVI1	0	50	0	4	0	113	0	0
CTR9	1	73	0	2	0	67	0	0
EIF4G2	0	30	0	1	1	42	0	0
ZBED5	0	20	0	4	0	59	0	0
GALNT18	0	60	0	1	0	48	0	0
CSNK2A3	0	0	0	0	0	0	0	0
USP47	0	27	0	2	0	62	0	0
DKK3	0	11	0	4	0	27	0	0
MICAL2	0	101	0	23	0	167	0	0
PARVA	0	21	0	1	0	41	0	0
TEAD1	0	11	0	0	0	14	0	0
RASSF10	0	28	0	1	0	55	0	0
ARNTL	0	19	0	1	0	14	0	0
BTBD10	0	14	0	0	0	17	0	0
PTH	0	7	0	1	0	4	0	0
FAR1	0	43	0	0	0	13	0	0
SPON1	0	16	0	0	0	38	0	0
RRAS2	0	16	0	0	0	8	0	0
COPB1	0	53	0	0	0	76	0	0
AC018523.2	0	19	0	0	0	18	0	0
PSMA1	0	11	0	0	0	10	0	0
PDE3B	0	43	0	3	0	79	0	0
CYP2R1	0	13	0	2	0	43	0	0
CALCB	0	15	0	4	0	23	0	0
CALCA	0	9	0	2	0	13	0	0
INSC	0	32	0	10	0	108	0	0
SOX6	0	40	0	0	0	53	0	0
C11orf58	0	6	0	0	0	4	0	0
PLEKHA7	0	46	0	2	0	90	0	0
RPS13	0	3	0	0	0	6	0	0
PIK3C2A	0	44	0	4	1	106	0	0
NUCB2	0	28	0	4	0	16	0	0
NCR3LG1	0	7	0	4	0	9	0	0
KCNJ11	0	21	0	0	0	19	0	0
ABCC8	0	102	0	8	1	113	0	0
USH1C	0	76	0	15	0	108	0	0
OTOG	0	71	0	7	0	128	0	0
MYOD1	0	11	0	1	0	32	0	0
KCNC1	0	39	0	1	0	41	0	0
SERGEF	0	19	0	9	0	26	0	0
TPH1	0	9	0	14	0	52	0	0
SAAL1	0	9	0	5	0	27	0	0
MRGPRX3	0	26	0	4	0	16	0	0
MRGPRX4	0	42	0	7	0	14	0	0
SAA4	0	10	0	4	0	3	0	0
SAA2-SAA4	0	18	0	10	0	14	0	0
SAA2	0	8	0	6	0	11	0	0
SAA1	0	0	0	3	0	33	0	0
HPS5	0	46	0	7	0	103	0	0
GTF2H1	0	21	0	0	0	30	0	0
LDHA	0	6	0	2	0	16	0	0
LDHC	0	10	0	2	0	25	0	0
LDHAL6A	0	4	0	2	0	11	0	0
TSG101	0	15	0	0	0	18	0	0
UEVLD	0	10	0	1	0	29	0	0
SPTY2D1OS	0	0	0	0	0	0	0	0
SPTY2D1	0	38	0	0	0	40	0	0
TMEM86A	0	29	0	4	0	10	0	0
IGSF22	0	49	0	8	0	90	0	0
PTPN5	0	28	0	3	0	63	0	0
MRGPRX1	0	27	0	2	2	19	0	0
MRGPRX2	0	12	0	4	0	7	0	0
ZDHHC13	0	7	0	4	0	39	0	0
CSRP3	0	15	0	3	0	18	0	0
E2F8	0	36	0	6	0	69	0	0
NAV2	1	198	0	2	2	232	0	0
DBX1	0	26	0	0	0	47	0	0
HTATIP2	0	6	0	3	0	13	0	0
PRMT3	0	0	0	3	0	0	0	0
SLC6A5	0	1150	0	2	0	18	0	0
NELL1	0	65	0	4	0	99	0	0
ANO5	0	874	0	9	0	57	0	0
SLC17A6	0	38	0	3	0	38	0	0
FANCF	0	30	0	10	0	28	0	0
GAS2	0	16	0	4	0	37	0	0
SVIP	0	3	0	3	0	12	0	0
CCDC179	0	0	0	0	0	0	0	0
LUZP2	0	16	0	4	0	24	0	0
ANO3	0	35	0	8	0	59	0	0
MUC15	0	1	0	0	0	0	0	0
SLC5A12	0	32	0	4	0	40	0	0
FIBIN	0	5	0	1	0	32	0	0
BBOX1	0	33	0	10	0	39	0	0
CCDC34	0	13	0	5	0	30	0	0
LGR4	0	23	0	1	0	45	0	0
LIN7C	0	4	0	1	0	11	0	0
BDNF	0	16	0	0	0	17	0	0
KIF18A	0	25	0	5	0	68	0	0
METTL15	0	10	0	0	0	15	0	0
KCNA4	1	25	0	1	0	47	0	0
FSHB	0	7	0	0	0	1	0	0
ARL14EP	0	12	0	0	0	15	0	0
MPPED2	0	20	0	0	0	16	0	0
DCDC1	0	50	0	10	0	47	0	0
DNAJC24	0	0	0	4	0	1	0	0
IMMP1L	0	4	0	3	0	17	0	0
ELP4	0	15	0	5	0	25	0	0
PAX6	0	42	0	0	0	12	0	0
AL035078.4	0	12	0	1	0	15	0	0
RCN1	0	12	0	1	0	15	0	0
WT1	0	30	0	0	0	48	0	0
EIF3M	0	19	0	1	0	11	0	0
CCDC73	0	34	0	20	0	24	0	0
PRRG4	0	4	0	1	0	14	0	0
QSER1	0	71	0	6	0	109	0	0
DEPDC7	0	9	0	5	0	28	0	0
TCP11L1	0	37	0	5	1	55	0	0
CSTF3	0	32	0	3	0	24	0	0
HIPK3	0	42	0	4	0	91	0	0
KIAA1549L	0	1241	0	5	1	137	0	0
C11orf91	0	7	0	2	0	25	0	0
AL049629.2	0	37	0	2	0	25	0	0
CD59	0	30	0	0	0	0	0	0
FBXO3	0	20	0	5	0	32	0	0
LMO2	0	13	0	5	0	34	0	0
CAPRIN1	0	26	0	1	0	33	0	0
NAT10	0	34	0	16	0	76	0	0
ABTB2	0	83	0	3	0	94	0	0
CAT	0	29	0	4	0	52	0	0
ELF5	0	18	0	3	0	21	0	0
EHF	0	5	0	1	0	11	0	0
APIP	0	18	0	7	0	13	0	0
PDHX	0	43	0	3	0	50	0	0
CD44	0	7	0	0	0	26	0	0
SLC1A2	0	37	0	0	0	20	0	0
PAMR1	1	59	0	16	0	101	0	0
FJX1	0	22	0	1	0	53	0	0
TRIM44	0	12	0	1	0	28	0	0
LDLRAD3	0	47	0	2	0	48	0	0
COMMD9	0	9	0	2	0	16	0	0
PRR5L	0	45	0	4	0	39	0	0
TRAF6	0	11	0	0	0	32	0	0
RAG1	0	45	0	7	0	119	0	0
RAG2	0	23	0	2	1	112	0	0
C11orf74	0	14	0	3	0	8	0	0
LRRC4C	0	28	0	2	0	62	0	0
API5	0	30	0	1	0	17	0	0
TTC17	0	42	0	0	1	108	0	0
HSD17B12	0	23	0	1	0	29	0	0
ALKBH3	0	12	0	12	0	20	0	0
C11orf96	0	0	0	0	0	0	0	0
ACCSL	0	32	0	11	0	12	0	0
ACCS	0	27	0	7	0	59	0	0
EXT2	0	47	0	3	0	103	0	0
ALX4	0	31	0	1	0	54	0	0
CD82	0	29	0	3	0	34	0	0
TSPAN18	0	34	0	2	0	31	0	0
TP53I11	0	47	0	2	0	35	0	0
PRDM11	0	50	0	0	0	53	0	0
SYT13	0	26	0	1	0	37	0	0
CHST1	0	26	0	1	0	23	0	0
SLC35C1	0	26	0	1	0	25	0	0
CRY2	0	16	0	1	0	32	0	0
MAPK8IP1	1	91	0	1	1	82	0	0
C11orf94	0	0	0	0	0	0	0	0
PEX16	0	19	0	0	0	32	0	0
LARGE2	0	31	0	5	0	80	0	0
PHF21A	0	36	0	0	0	40	0	0
CREB3L1	0	0	0	0	0	1	0	0
DGKZ	1	81	0	3	0	78	0	0
MDK	0	0	0	0	0	0	0	0
CHRM4	0	0	0	0	0	0	0	0
AMBRA1	0	59	0	3	0	93	0	0
HARBI1	0	15	0	6	1	60	0	0
ATG13	0	38	0	1	0	31	0	0
ARHGAP1	0	28	0	0	0	28	0	0
ZNF408	0	65	0	6	0	50	0	0
F2	0	48	0	1	0	22	0	0
CKAP5	0	57	0	2	1	141	0	0
LRP4	0	113	0	11	1	508	0	0
C11orf49	0	33	0	5	0	28	0	0
ARFGAP2	0	0	0	0	0	0	0	0
PACSIN3	1	59	0	2	1	87	0	0
DDB2	0	21	0	2	0	24	0	0
ACP2	0	10	0	0	0	30	0	0
NR1H3	0	24	0	7	0	24	0	0
MADD	0	70	0	16	0	169	0	0
MYBPC3	0	70	0	3	0	200	0	0
SPI1	0	23	0	1	0	19	0	0
SLC39A13	0	21	0	1	0	17	0	0
PSMC3	0	15	0	3	0	9	0	0
RAPSN	0	49	0	1	0	43	0	0
CELF1	0	28	0	0	0	17	0	0
NDUFS3	0	18	0	7	0	18	0	0
PTPMT1	0	9	0	1	0	6	0	0
KBTBD4	0	0	0	0	0	0	0	0
FAM180B	0	0	0	0	0	0	0	0
C1QTNF4	0	32	0	5	0	46	0	0
MTCH2	0	10	0	0	0	15	0	0
AGBL2	0	33	0	16	0	57	0	0
FNBP4	0	50	0	5	0	46	0	0
NUP160	0	40	0	6	2	131	0	0
PTPRJ	0	70	0	12	0	88	0	0
OR4B1	0	22	0	4	0	20	0	0
OR4X2	0	16	0	2	0	36	0	0
OR4X1	0	30	0	2	0	11	0	0
OR4S1	0	18	0	4	0	22	0	0
OR4C3	0	12	0	10	0	32	0	0
OR4C5	0	0	0	0	0	0	0	0
OR4A47	0	21	0	8	0	35	0	0
TRIM51GP	0	0	0	0	0	0	0	0
TRIM49B	0	32	0	6	0	2	0	0
TRIM64C	0	20	0	5	0	10	0	0
FOLH1	1	20	0	5	0	38	0	0
OR4C13	0	39	0	4	0	26	0	0
OR4C12	0	12	0	0	0	18	0	0
OR4C46	0	18	0	7	0	44	0	0
OR4A5	0	38	0	28	0	43	0	0
TRIM48	2	48	0	18	0	7	0	0
OR4A16	0	17	0	11	0	24	0	0
OR4A15	0	13	0	17	0	35	0	0
OR4C15	0	27	0	6	0	50	0	0
OR4C16	0	47	0	12	0	28	0	0
OR4C11	0	8	0	3	1	20	0	0
OR4P4	0	4	0	5	0	5	0	0
OR4S2	1	7	1	3	1	10	0	0
OR4C6	0	27	0	2	0	18	0	0
OR5D3P	0	0	0	0	0	0	0	0
OR5D13	0	9	0	1	0	5	0	0
OR5D14	0	10	0	6	0	22	0	0
OR5L1	0	23	0	1	0	29	0	0
OR5D18	0	10	0	0	0	17	0	0
OR5L2	0	7	0	6	0	14	0	0
OR5D16	0	25	0	8	0	8	0	0
TRIM51	0	15	0	3	0	9	0	0
OR5W2	0	13	0	4	0	14	0	0
OR5I1	0	22	0	10	0	20	0	0
OR10AG1	0	15	0	3	0	21	0	0
OR5F1	0	36	0	5	0	5	0	0
OR5AS1	0	14	0	3	0	7	0	0
OR8I2	0	40	0	2	0	21	0	0
OR8H2	0	25	0	1	0	18	0	0
OR8H3	0	27	0	1	0	16	0	0
OR8J3	0	21	0	1	0	9	0	0
OR8K5	0	10	0	5	0	13	0	0
OR5J2	0	14	0	1	0	17	0	0
OR5T2	0	37	0	14	0	10	0	0
OR5T3	0	10	0	7	0	21	0	0
OR5T1	0	27	0	6	0	13	0	0
OR8H1	0	12	0	6	0	4	0	0
OR8K3	0	12	0	11	0	699	0	0
OR8K1	0	21	0	1	0	16	0	0
OR8J1	0	25	0	9	0	20	0	0
OR8U1	0	18	0	2	0	28	0	0
OR5R1	0	0	0	0	0	0	0	0
AP002512.3	0	1107	0	2	1	57	0	0
OR5M9	0	20	0	1	0	30	0	0
OR5M3	0	1089	0	1	1	27	0	0
OR5M8	0	32	0	2	0	15	0	0
OR5M11	1	33	0	1	0	31	0	0
OR5M10	0	9	0	4	0	20	0	0
OR5M1	0	24	0	2	0	20	0	0
OR5AP2	0	23	0	7	0	15	0	0
OR5AR1	0	8	0	2	0	1	0	0
OR9G1	0	14	0	1	0	15	0	0
OR9G4	0	18	0	2	0	21	0	0
OR5AK2	0	21	0	2	0	9	0	0
LRRC55	0	22	0	0	1	41	0	0
APLNR	0	38	0	3	0	79	0	0
TNKS1BP1	0	136	0	1	0	87	0	0
SSRP1	0	52	0	0	0	52	0	0
P2RX3	0	52	0	4	0	34	0	0
PRG3	0	3	0	1	0	10	0	0
PRG2	0	6	0	3	0	7	0	0
AP000781.2	0	27	0	3	0	33	0	0
SLC43A3	0	24	0	0	0	26	0	0
RTN4RL2	0	32	0	3	0	19	0	0
SLC43A1	1	41	0	2	0	39	0	0
TIMM10	0	8	0	2	0	4	0	0
SMTNL1	0	23	0	4	0	28	0	0
UBE2L6	0	8	0	4	0	8	0	0
SERPING1	0	34	0	16	0	30	0	0
YPEL4	0	8	0	0	0	7	0	0
CLP1	0	27	0	1	0	30	0	0
ZDHHC5	0	29	0	1	0	73	0	0
MED19	0	0	0	0	0	0	0	0
TMX2	0	12	0	0	0	36	0	0
TMX2-CTNND1	0	18	0	0	0	37	0	0
SELENOH	0	0	0	0	0	0	0	0
AP001931.1	0	9	0	0	0	1	0	0
BTBD18	0	0	0	0	0	0	0	0
CTNND1	0	47	0	0	1	125	0	0
OR9Q1	0	65	0	4	0	74	0	0
OR6Q1	0	10	0	0	0	26	0	0
OR9I1	0	26	0	4	0	31	0	0
OR9Q2	0	17	0	4	0	30	0	0
OR1S2	0	55	0	6	0	65	0	0
OR1S1	0	12	0	5	0	69	0	0
OR10Q1	0	9	0	6	0	33	0	0
OR10W1	0	18	0	10	0	7	0	0
OR5B17	0	7	0	3	0	6	0	0
OR5B3	0	32	0	0	0	9	0	0
OR5B2	0	37	0	3	0	21	0	0
OR5B12	0	6	0	3	0	11	0	0
OR5B21	0	6	0	0	0	19	0	0
LPXN	0	813	0	1	0	50	0	0
ZFP91	0	38	0	0	0	24	0	0
ZFP91-CNTF	0	38	0	0	0	24	0	0
CNTF	0	0	0	0	0	0	0	0
GLYAT	0	2	0	4	0	7	0	0
GLYATL2	0	16	0	0	0	12	0	0
GLYATL1	0	15	0	9	0	5	0	0
GLYATL1B	0	0	0	0	0	0	0	0
FAM111B	0	25	0	23	0	10	0	0
FAM111A	0	16	0	4	0	46	0	0
DTX4	0	67	0	4	0	46	0	0
MPEG1	0	0	0	0	0	0	0	0
OR5AN1	0	6	0	1	0	13	0	0
OR5A2	0	27	0	4	0	8	0	0
OR5A1	0	29	0	3	0	24	0	0
OR4D6	0	18	0	1	0	34	0	0
OR4D10	0	9	0	3	0	33	0	0
OR4D11	0	17	0	2	0	11	0	0
OR4D9	0	46	0	8	0	19	0	0
OSBP	0	24	0	1	0	67	0	0
PATL1	0	41	0	3	0	57	0	0
OR10V1	0	10	0	4	0	31	0	0
STX3	0	14	0	6	0	47	0	0
MRPL16	0	23	0	7	0	28	0	0
GIF	0	3	0	1	1	34	0	0
TCN1	0	53	0	8	0	24	0	0
OOSP3	0	0	0	0	0	0	0	0
OOSP1	0	0	0	0	0	0	0	0
OOSP4A	0	0	0	0	0	0	0	0
OOSP4B	0	0	0	0	0	0	0	0
OOSP2	0	14	0	0	0	2	0	0
MS4A3	0	7	0	2	0	4	0	0
MS4A2	0	7	0	3	0	5	0	0
MS4A6A	0	13	0	1	0	5	0	0
MS4A4A	0	34	0	4	0	11	0	0
MS4A4E	0	3	0	2	0	3	0	0
MS4A6E	0	21	0	5	0	14	0	0
MS4A7	0	11	0	3	0	14	0	0
MS4A14	0	32	0	11	0	25	0	0
MS4A5	0	9	0	5	0	10	0	0
MS4A1	0	16	0	4	0	8	0	0
MS4A12	0	22	0	9	0	2	0	0
MS4A13	0	1	0	3	0	6	0	0
MS4A8	0	7	0	2	0	2	0	0
MS4A18	0	0	0	0	0	0	0	0
MS4A15	0	14	0	3	0	11	0	0
MS4A10	0	22	0	1	0	18	0	0
CCDC86	0	24	0	3	0	59	0	0
PTGDR2	0	0	0	0	0	0	0	0
ZP1	0	37	0	8	0	32	0	0
PRPF19	0	43	0	0	0	20	0	0
TMEM109	0	0	0	0	0	0	0	0
TMEM132A	0	91	0	1146	0	126	0	0
SLC15A3	0	31	0	11	0	49	0	0
CD6	0	51	0	1	0	19	0	0
CD5	0	26	0	4	0	24	0	0
VPS37C	0	21	0	6	0	39	0	0
PGA3	1	5	0	2	0	2	0	0
PGA4	0	0	0	0	0	0	0	0
PGA5	0	22	0	0	0	12	0	0
VWCE	0	21	0	1	0	13	0	0
DDB1	0	83	0	0	0	89	0	0
TKFC	0	33	0	1	0	56	0	0
CYB561A3	0	16	0	1	0	10	0	0
TMEM138	0	11	0	2	0	18	0	0
TMEM216	0	8	0	1	0	36	0	0
CPSF7	0	24	0	1	0	24	0	0
AP003108.2	0	17	0	1	0	45	0	0
SDHAF2	0	5	0	1	0	12	0	0
PPP1R32	0	16	0	7	0	48	0	0
LRRC10B	0	11	0	6	0	36	0	0
SYT7	0	34	0	1	0	35	0	0
DAGLA	0	83	0	1	0	83	0	0
MYRF	1	81	0	6	0	107	0	0
TMEM258	1	72	0	7	0	102	0	0
FEN1	0	0	0	0	0	0	0	0
FADS2	0	33	0	1	0	13	0	0
FADS1	0	7	0	1	0	2	0	0
FADS3	0	28	0	0	0	35	0	0
RAB3IL1	0	32	0	3	0	26	0	0
BEST1	0	26	0	5	0	32	0	0
FTH1	0	12	0	2	0	8	0	0
INCENP	0	379	0	2	0	81	0	0
SCGB1D1	0	10	0	8	0	17	0	0
SCGB2A1	0	8	0	0	0	18	0	0
SCGB1D2	0	8	0	1	0	13	0	0
SCGB2A2	0	16	0	1	0	5	0	0
SCGB1D4	0	1	0	0	0	5	0	0
ASRGL1	0	18	0	2	0	28	0	0
SCGB1A1	0	3	0	6	0	0	0	0
AHNAK	0	12	0	0	0	10	0	0
EEF1G	0	21	0	0	0	29	0	0
AP002990.1	0	27	0	3	0	40	0	0
TUT1	0	6	0	3	0	11	0	0
MTA2	0	6	0	1	0	10	0	0
EML3	0	3	0	0	0	0	0	0
ROM1	0	0	0	0	0	0	0	0
B3GAT3	0	27	0	1	0	37	0	0
GANAB	0	49	0	0	0	67	0	0
INTS5	1	62	0	1	1	72	0	0
AP001458.2	0	4	0	1	0	28	0	0
C11orf98	0	0	0	1	0	18	0	0
LBHD1	0	3	0	4	0	28	0	0
CSKMT	0	2	0	1	0	2	0	0
UQCC3	0	0	0	0	0	0	0	0
UBXN1	0	19	0	0	0	14	0	0
LRRN4CL	0	0	0	0	0	0	0	0
BSCL2	0	17	0	3	0	7	0	0
HNRNPUL2-BSCL2	0	56	0	3	0	34	0	0
GNG3	0	0	0	0	0	0	0	0
HNRNPUL2	0	40	0	0	0	27	0	0
TTC9C	0	6	0	10	0	1	0	0
ZBTB3	0	44	0	4	0	48	0	0
POLR2G	0	3	0	0	0	7	0	0
TAF6L	0	101	0	1	1	66	0	0
TMEM223	0	101	0	1	1	66	0	0
TMEM179B	0	0	0	0	0	0	0	0
NXF1	0	46	0	1	0	29	0	0
STX5	0	5	0	0	0	45	0	0
TEX54	0	0	0	0	0	0	0	0
WDR74	0	21	0	9	0	37	0	0
SLC3A2	0	47	0	4	0	29	0	0
CHRM1	0	29	0	1	0	32	0	0
SLC22A6	0	31	0	9	0	23	0	0
SLC22A8	0	26	0	2	0	32	0	0
SLC22A24	0	48	0	6	0	44	0	0
SLC22A10	0	87	0	36	0	78	0	0
SLC22A25	0	45	0	27	0	40	0	0
SLC22A9	0	49	0	11	0	41	0	0
HRASLS5	0	7	0	3	0	21	0	0
LGALS12	0	24	0	6	0	29	0	0
RARRES3	0	8	0	3	0	4	0	0
HRASLS2	0	3	0	1	0	5	0	0
PLA2G16	0	25	0	3	0	17	0	0
ATL3	0	15	0	5	0	31	0	0
RTN3	0	50	0	1	0	52	0	0
C11orf95	0	8	0	0	0	20	0	0
SPINDOC	0	14	0	0	0	22	0	0
MARK2	0	26	0	1	0	26	0	0
RCOR2	0	56	0	0	0	36	0	0
NAA40	0	0	0	0	0	0	0	0
COX8A	0	15	0	0	0	4	0	0
AP000721.1	0	15	0	0	0	4	0	0
OTUB1	0	9	0	0	0	25	0	0
MACROD1	0	122	0	5	1	130	0	0
FLRT1	0	96	0	1	0	87	0	0
STIP1	0	25	0	0	0	24	0	0
FERMT3	0	34	0	4	0	48	0	0
TRPT1	0	0	0	0	0	0	0	0
NUDT22	0	19	0	7	0	30	0	0
DNAJC4	0	0	0	0	0	0	0	0
VEGFB	0	9	0	0	0	7	0	0
FKBP2	0	0	0	0	0	0	0	0
PPP1R14B	0	8	0	0	0	10	0	0
PLCB3	0	70	0	5	0	89	0	0
BAD	0	1	0	0	0	3	0	0
GPR137	0	1	0	0	0	3	0	0
KCNK4	0	0	0	0	0	0	0	0
CATSPERZ	0	0	0	0	0	0	0	0
ESRRA	0	46	0	1	0	21	0	0
TRMT112	0	0	0	0	0	0	0	0
PRDX5	0	0	0	0	0	0	0	0
CCDC88B	0	73	0	10	0	72	0	0
RPS6KA4	0	26	0	2	0	36	0	0
SLC22A11	0	35	0	0	0	39	0	0
SLC22A12	0	66	0	2	0	79	0	0
NRXN2	0	107	0	1	0	167	0	0
RASGRP2	0	42	0	3	0	33	0	0
PYGM	0	82	0	7	0	129	0	0
SF1	0	64	0	0	0	27	0	0
MAP4K2	0	56	0	6	0	63	0	0
MEN1	0	3	0	0	0	7	0	0
CDC42BPG	1	158	0	5	3	196	0	0
EHD1	0	42	0	0	0	60	0	0
ATG2A	1	173	0	2	0	198	0	0
PPP2R5B	0	16	0	0	0	48	0	0
GPHA2	0	0	0	0	0	0	0	0
MAJIN	0	16	0	3	0	9	0	0
BATF2	0	30	0	2	0	2	0	0
ARL2	0	9	0	0	0	15	0	0
ARL2-SNX15	0	9	0	1	0	15	0	0
SNX15	0	0	0	1	0	0	0	0
SAC3D1	0	0	0	0	0	0	0	0
NAALADL1	0	36	0	9	0	91	0	0
CDCA5	0	21	0	7	0	19	0	0
ZFPL1	0	0	0	0	0	0	0	0
TMEM262	0	0	0	0	0	0	0	0
VPS51	0	1	0	1	0	5	0	0
TM7SF2	0	22	0	5	0	70	0	0
ZNHIT2	0	0	0	0	0	0	0	0
FAU	0	7	0	0	0	1	0	0
SYVN1	0	21	0	2	0	23	0	0
MRPL49	0	17	0	2	0	14	0	0
SPDYC	0	10	0	3	0	11	0	0
CAPN1	0	53	0	2	0	96	0	0
POLA2	0	42	0	2	0	40	0	0
AP000944.2	1	62	0	2	0	62	0	0
CDC42EP2	0	20	0	0	0	22	0	0
DPF2	0	32	0	0	0	20	0	0
TIGD3	0	0	0	0	0	0	0	0
SLC25A45	0	15	0	2	0	31	0	0
FRMD8	0	83	0	0	0	49	0	0
SCYL1	0	50	0	3	2	80	0	0
LTBP3	0	54	0	2	0	61	0	0
SSSCA1	0	1	0	2	0	9	0	0
FAM89B	0	0	0	0	0	0	0	0
EHBP1L1	0	130	0	17	0	113	0	0
KCNK7	0	0	0	0	0	0	0	0
MAP3K11	0	66	0	1	0	98	0	0
PCNX3	0	136	0	0	0	137	0	0
SIPA1	0	31	0	1	0	36	0	0
RELA	0	67	0	0	0	41	0	0
KAT5	0	6	0	0	0	8	0	0
RNASEH2C	0	7	0	0	0	12	0	0
AP5B1	0	87	0	6	0	108	0	0
OVOL1	0	28	0	1	0	30	0	0
CFL1	0	11	0	3	0	12	0	0
SNX32	0	7	0	2	0	2	0	0
MUS81	0	8	0	1	0	23	0	0
EFEMP2	0	45	0	3	0	39	0	0
CTSW	0	11	0	4	0	27	0	0
FIBP	0	0	0	0	0	0	0	0
CCDC85B	0	0	0	0	0	0	0	0
FOSL1	0	29	0	0	0	21	0	0
C11orf68	0	0	0	0	0	0	0	0
DRAP1	0	9	0	0	0	13	0	0
TSGA10IP	0	3	0	6	0	6	0	0
SART1	0	100	0	1	0	81	0	0
EIF1AD	0	0	0	0	0	0	0	0
BANF1	0	2	0	0	0	2	0	0
CST6	0	0	0	0	0	0	0	0
CATSPER1	0	77	0	4	0	29	0	0
GAL3ST3	1	49	0	4	1	62	0	0
SF3B2	0	42	0	1	0	41	0	0
PACS1	0	63	0	2	0	46	0	0
KLC2	0	20	0	1	0	17	0	0
RAB1B	0	1	0	1	0	0	0	0
CNIH2	0	10	0	1	0	4	0	0
YIF1A	0	0	0	0	0	0	0	0
TMEM151A	0	46	0	0	0	53	0	0
CD248	0	66	0	2	0	52	0	0
RIN1	0	60	0	4	0	75	0	0
BRMS1	0	0	0	0	0	0	0	0
B4GAT1	0	25	0	1	0	23	0	0
SLC29A2	0	20	0	4	0	31	0	0
NPAS4	1	77	0	0	0	49	0	0
MRPL11	0	9	0	8	0	16	0	0
PELI3	0	31	0	0	0	33	0	0
DPP3	0	0	0	0	0	0	0	0
AP002748.4	0	32	0	6	0	34	0	0
BBS1	0	32	0	6	0	34	0	0
ZDHHC24	0	32	0	6	0	46	0	0
ACTN3	0	24	0	5	1	85	0	0
CTSF	0	28	0	1	0	45	0	0
CCDC87	0	0	0	0	0	0	0	0
CCS	0	7	0	4	0	25	0	0
RBM14	0	49	0	0	1	68	0	0
RBM14-RBM4	0	80	0	1	1	92	0	0
RBM4	0	32	0	1	0	24	0	0
RBM4B	0	21	0	0	0	65	0	0
SPTBN2	1	205	0	1	0	241	0	0
C11orf80	0	18	0	5	0	32	0	0
RCE1	0	35	0	1	0	30	0	0
PC	0	128	0	1	0	109	0	0
LRFN4	0	82	0	1	0	74	0	0
C11orf86	0	9	0	3	0	11	0	0
SYT12	0	35	0	2	0	49	0	0
RHOD	0	5	0	8	0	16	0	0
KDM2A	0	47	0	1	0	36	0	0
GRK2	0	24	0	0	0	37	0	0
ANKRD13D	0	17	0	0	0	10	0	0
SSH3	0	42	0	5	0	90	0	0
RAD9A	1	31	0	8	0	70	0	0
POLD4	0	5	0	0	0	3	0	0
AP003419.1	0	13	0	6	0	33	0	0
CLCF1	0	8	0	6	0	30	0	0
PPP1CA	0	93	0	13	0	63	0	0
TBC1D10C	0	33	0	4	0	34	0	0
CARNS1	0	96	0	18	0	79	0	0
RPS6KB2	0	41	0	2	0	62	0	0
PTPRCAP	0	0	0	0	0	0	0	0
CORO1B	0	0	0	0	0	0	0	0
GPR152	0	31	0	1	0	42	0	0
CABP4	0	9	0	0	0	9	0	0
TMEM134	0	9	0	6	0	23	0	0
AIP	1	35	0	0	0	30	0	0
PITPNM1	0	39	0	1	0	56	0	0
CDK2AP2	0	6	0	0	0	4	0	0
CABP2	0	15	0	4	0	28	0	0
GSTP1	0	12	0	1	0	51	0	0
NDUFV1	0	55	0	5	0	69	0	0
NUDT8	0	5	0	0	0	11	0	0
TBX10	0	5	0	2	0	2	0	0
ACY3	0	45	0	4	0	34	0	0
ALDH3B2	0	45	0	10	0	87	0	0
UNC93B1	0	55	0	4	0	55	0	0
ALDH3B1	0	35	0	3	0	59	0	0
NDUFS8	0	3	0	3	0	7	0	0
TCIRG1	0	84	0	12	1	106	0	0
CHKA	0	15	0	1	0	33	0	0
KMT5B	0	42	0	0	0	28	0	0
C11orf24	0	35	0	2	0	19	0	0
LRP5	0	177	0	4	0	170	0	0
PPP6R3	0	33	0	1	0	75	0	0
GAL	0	3	0	2	0	9	0	0
TESMIN	0	17	0	6	0	32	0	0
CPT1A	0	84	0	5	0	50	0	0
MRPL21	0	18	0	3	0	16	0	0
IGHMBP2	0	79	0	15	0	103	0	0
MRGPRD	0	22	0	2	0	24	0	0
MRGPRF	0	30	0	1	0	32	0	0
TPCN2	0	67	0	3	0	103	0	0
AP003071.5	0	0	0	0	0	0	0	0
MYEOV	0	35	0	6	0	1	0	0
CCND1	0	17	0	0	0	13	0	0
LTO1	0	11	0	0	0	9	0	0
FGF19	0	5	0	0	0	11	0	0
FGF4	0	7	0	2	0	18	0	0
FGF3	0	14	0	1	0	14	0	0
ANO1	1	1101	0	3	0	63	0	0
FADD	0	15	0	1	0	6	0	0
PPFIA1	0	61	0	1	0	100	0	0
CTTN	0	35	0	0	0	34	0	0
SHANK2	0	137	0	2	0	126	0	0
DHCR7	0	76	0	2	0	82	0	0
NADSYN1	0	63	0	6	0	77	0	0
KRTAP5-7	0	14	0	1	0	6	0	0
KRTAP5-8	0	3	0	0	0	5	0	0
KRTAP5-9	0	4	0	2	0	1	0	0
KRTAP5-10	0	19	0	1	0	16	0	0
KRTAP5-11	0	11	0	1	0	6	0	0
FAM86C1	0	21	0	9	0	3	0	0
ZNF705E	0	5	0	0	0	0	0	0
DEFB108B	0	6	0	7	0	0	0	0
AP002495.1	0	1	0	0	0	0	0	0
DEFB131B	0	1	0	0	0	0	0	0
RNF121	0	12	0	2	0	14	0	0
IL18BP	0	12	0	3	0	20	0	0
NUMA1	0	31	0	0	0	71	0	0
LRTOMT	0	5	0	0	0	13	0	0
AP000812.5	0	5	0	0	0	13	0	0
LAMTOR1	0	2	0	0	0	11	0	0
AP000812.4	0	0	0	0	0	0	0	0
ANAPC15	0	4	0	0	0	2	0	0
FOLR3	0	17	0	1	0	7	0	0
FOLR1	0	10	0	0	0	4	0	0
FOLR2	0	6	0	1	0	15	0	0
INPPL1	0	71	0	22	0	104	0	0
PHOX2A	0	0	0	0	0	0	0	0
CLPB	0	41	0	4	0	75	0	0
PDE2A	0	67	0	3	0	67	0	0
ARAP1	0	118	0	8	2	190	0	0
STARD10	0	29	0	3	0	36	0	0
ATG16L2	0	55	0	4	0	64	0	0
FCHSD2	0	42	0	2	0	48	0	0
P2RY2	0	41	0	3	0	55	0	0
P2RY6	0	33	0	3	0	43	0	0
ARHGEF17	0	133	0	1	1	215	0	0
RELT	0	39	0	4	0	45	0	0
FAM168A	0	25	0	0	0	18	0	0
PLEKHB1	0	13	0	3	0	37	0	0
RAB6A	0	17	0	0	0	5	0	0
MRPL48	0	7	0	0	0	6	0	0
COA4	0	0	0	0	0	0	0	0
PAAF1	0	33	0	2	0	23	0	0
DNAJB13	0	6	0	3	0	19	0	0
UCP2	0	18	0	13	0	37	0	0
UCP3	0	32	0	6	0	45	0	0
C2CD3	0	100	0	13	1	185	0	0
PPME1	0	6	0	1	0	19	0	0
P4HA3	0	21	0	3	0	69	0	0
PGM2L1	0	16	0	1	0	42	0	0
KCNE3	0	3	0	0	0	9	0	0
LIPT2	0	21	0	4	0	20	0	0
POLD3	0	32	0	3	0	33	0	0
CHRDL2	0	54	0	1	0	42	0	0
RNF169	0	46	0	2	0	79	0	0
XRRA1	0	57	0	6	0	93	0	0
SPCS2	0	7	0	0	0	7	0	0
NEU3	0	17	0	2	0	37	0	0
OR2AT4	0	32	0	1	0	16	0	0
SLCO2B1	0	59	0	3	0	70	0	0
TPBGL	0	0	0	0	0	0	0	0
ARRB1	0	50	0	2	0	40	0	0
RPS3	0	8	0	0	0	4	0	0
KLHL35	0	13	0	12	0	52	0	0
GDPD5	0	52	0	2	0	70	0	0
SERPINH1	0	31	0	1	0	49	0	0
MAP6	0	55	0	0	0	39	0	0
MOGAT2	0	37	0	5	0	32	0	0
DGAT2	0	16	0	4	0	31	0	0
UVRAG	0	664	0	0	0	47	0	0
WNT11	0	33	0	2	0	40	0	0
THAP12	0	52	0	3	0	52	0	0
GVQW3	0	0	0	0	0	0	0	0
EMSY	0	67	0	0	0	88	0	0
LRRC32	1	44	0	0	0	69	0	0
TSKU	0	37	0	2	0	47	0	0
ACER3	0	4	0	0	0	16	0	0
B3GNT6	0	16	0	0	0	2	0	0
CAPN5	0	71	0	5	2	104	0	0
OMP	0	0	0	0	0	0	0	0
MYO7A	0	229	0	19	2	389	0	0
GDPD4	0	11	0	8	0	12	0	0
PAK1	0	35	0	0	0	28	0	0
CLNS1A	0	36	0	6	0	35	0	0
AQP11	0	30	0	4	0	22	0	0
RSF1	0	65	0	2	0	103	0	0
AAMDC	0	1	0	1	0	12	0	0
INTS4	0	6	0	2	0	5	0	0
KCTD14	0	18	0	6	0	28	0	0
NDUFC2-KCTD14	0	23	0	5	0	27	0	0
THRSP	0	11	0	4	0	13	0	0
NDUFC2	0	5	0	0	0	3	0	0
ALG8	0	40	0	4	0	36	0	0
KCTD21	0	32	0	0	0	28	0	0
USP35	0	32	0	5	1	63	0	0
GAB2	0	73	0	4	0	99	0	0
NARS2	0	26	0	7	0	42	0	0
TENM4	2	189	0	3	1	401	0	0
FAM181B	0	38	0	0	0	49	0	0
PRCP	0	60	0	16	1	60	0	0
DDIAS	0	31	0	12	1	24	0	0
RAB30	0	18	0	2	0	18	0	0
PCF11	0	114	0	0	0	101	0	0
ANKRD42	0	31	0	7	0	40	0	0
CCDC90B	0	7	0	8	0	4	0	0
DLG2	0	50	0	3	0	63	0	0
TMEM126B	0	14	0	1	0	7	0	0
TMEM126A	0	0	0	0	0	6	0	0
CREBZF	0	10	0	0	0	23	0	0
CCDC89	0	14	0	6	0	25	0	0
SYTL2	0	44	0	10	0	77	0	0
CCDC83	0	5	0	6	0	30	0	0
PICALM	0	25	0	2	0	42	0	0
EED	0	9	0	2	0	25	0	0
HIKESHI	0	6	0	5	0	21	0	0
CCDC81	0	19	0	14	0	23	0	0
ME3	0	26	0	4	0	47	0	0
PRSS23	0	27	0	4	0	42	0	0
FZD4	0	0	0	0	0	0	0	0
TMEM135	0	25	0	1	0	29	0	0
RAB38	0	10	0	0	0	9	0	0
CTSC	0	26	0	5	0	34	0	0
GRM5	0	74	0	2	0	77	0	0
TYR	0	32	0	21	0	70	0	0
NOX4	0	23	0	1	0	54	0	0
TRIM77	0	22	0	11	0	14	0	0
TRIM49	0	17	0	3	0	8	0	0
TRIM64B	0	37	0	15	0	22	0	0
TRIM49D1	0	4	0	0	0	1	0	0
TRIM49D2	0	0	0	0	0	0	0	0
TRIM64	0	2	0	0	0	0	0	0
TRIM49C	0	11	0	4	0	2	0	0
UBTFL1	0	7	1	5	1	18	0	0
NAALAD2	0	23	0	8	0	38	0	0
CHORDC1	0	16	0	6	0	25	0	0
FAT3	2	260	0	2	1	383	0	0
MTNR1B	0	29	0	2	0	26	0	0
SLC36A4	0	30	0	10	0	54	0	0
DEUP1	0	18	0	7	0	50	0	0
SMCO4	0	7	0	0	0	3	0	0
CEP295	0	70	0	12	0	80	0	0
TAF1D	0	24	0	26	0	47	0	0
C11orf54	0	16	0	20	0	32	0	0
AP001273.2	1	60	0	28	0	90	0	0
MED17	0	44	0	8	0	58	0	0
VSTM5	0	1	0	2	0	3	0	0
HEPHL1	0	81	0	16	1	126	0	0
PANX1	0	29	0	3	0	31	0	0
IZUMO1R	0	19	0	7	0	22	0	0
GPR83	0	30	0	3	0	78	0	0
MRE11	0	22	0	7	0	54	0	0
ANKRD49	0	22	0	1	0	11	0	0
C11orf97	0	6	0	0	0	660	0	0
FUT4	0	47	0	8	0	20	0	0
PIWIL4	1	90	0	11	0	95	0	0
AMOTL1	0	57	0	2	0	67	0	0
CWC15	0	8	0	1	0	17	0	0
KDM4D	0	40	0	1	0	11	0	0
KDM4E	0	32	0	5	0	32	0	0
KDM4F	0	0	0	0	0	0	0	0
SRSF8	0	31	0	2	0	33	0	0
ENDOD1	0	24	0	5	0	30	0	0
SESN3	0	15	0	7	0	17	0	0
FAM76B	0	2	0	0	0	8	0	0
CEP57	0	16	0	3	0	38	0	0
MTMR2	0	14	0	20	0	43	0	0
MAML2	0	209	0	0	0	109	0	0
CCDC82	0	15	0	5	0	39	0	0
JRKL	0	0	0	0	0	0	0	0
CNTN5	0	89	0	3	1	139	0	0
ARHGAP42	0	1133	0	0	0	39	0	0
PGR	0	78	0	0	0	71	0	0
TRPC6	0	90	0	6	0	69	0	0
ANGPTL5	0	32	0	8	0	42	0	0
CEP126	0	34	0	10	0	56	0	0
CFAP300	0	10	0	3	0	32	0	0
YAP1	0	28	0	0	0	28	0	0
BIRC3	0	24	0	0	0	26	0	0
BIRC2	0	37	0	3	0	35	0	0
TMEM123	0	7	0	2	0	10	0	0
MMP7	0	13	0	6	0	28	0	0
MMP20	0	41	0	4	0	640	0	0
MMP27	1	34	0	8	0	56	0	0
MMP8	0	48	0	25	0	39	0	0
MMP10	0	24	0	5	0	22	0	0
MMP1	0	17	0	19	0	42	0	0
MMP3	1	18	0	5	0	36	0	0
MMP12	0	29	0	3	0	34	0	0
MMP13	0	30	0	4	0	47	0	0
DCUN1D5	0	4	0	0	0	20	0	0
DYNC2H1	0	27	0	7	0	49	0	0
PDGFD	0	17	0	2	0	43	0	0
DDI1	0	0	0	0	0	0	0	0
CASP12	0	16	0	19	0	30	0	0
CASP4	0	17	0	10	0	31	0	0
CASP5	0	32	0	31	0	13	0	0
CASP1	0	2	0	0	0	2	0	0
CARD16	0	13	0	3	0	9	0	0
CARD17	0	6	0	2	0	4	0	0
CARD18	0	7	0	0	0	0	0	0
GRIA4	0	58	0	2	0	38	0	0
MSANTD4	0	21	0	0	0	17	0	0
KBTBD3	0	43	0	8	0	54	0	0
AASDHPPT	0	21	0	1	0	23	0	0
GUCY1A2	0	56	0	0	0	36	0	0
CWF19L2	0	27	0	17	0	62	0	0
ALKBH8	0	36	0	1	0	44	0	0
ELMOD1	0	32	0	1	0	40	0	0
SLN	0	3	0	0	0	3	0	0
SLC35F2	0	23	0	1	0	25	0	0
RAB39A	0	19	0	1	0	6	0	0
CUL5	0	17	0	0	0	11	0	0
ACAT1	0	18	0	5	0	30	0	0
NPAT	0	56	0	3	1	96	0	0
ATM	2	145	0	18	0	249	0	0
C11orf65	0	40	0	15	0	107	0	0
KDELC2	0	20	0	15	0	66	0	0
EXPH5	0	99	0	22	0	104	0	0
DDX10	0	31	0	10	0	82	0	0
C11orf87	0	5	0	0	0	8	0	0
RDX	0	60	0	5	0	113	0	0
ZC3H12C	0	34	0	2	0	79	0	0
FDX1	0	8	0	1	0	14	0	0
ARHGAP20	0	52	0	4	0	43	0	0
C11orf53	0	19	0	13	0	22	0	0
COLCA2	0	4	0	0	0	8	0	0
POU2AF1	0	22	0	0	0	4	0	0
BTG4	0	4	0	0	0	17	0	0
C11orf88	0	5	0	1	0	8	0	0
LAYN	0	11	0	3	0	21	0	0
SIK2	0	66	0	1	0	41	0	0
PPP2R1B	0	30	0	16	0	58	0	0
ALG9	0	37	0	0	0	36	0	0
AP001781.2	0	70	0	2	0	58	0	0
FDXACB1	0	33	0	2	0	23	0	0
C11orf1	0	11	0	1	0	1	0	0
CRYAB	0	3	0	3	0	5	0	0
HSPB2	0	0	0	0	0	0	0	0
HSPB2-C11orf52	0	3	0	2	0	5	0	0
C11orf52	0	3	0	2	0	5	0	0
DIXDC1	0	37	0	13	0	54	0	0
DLAT	0	45	0	1	0	42	0	0
PIH1D2	0	5	0	2	0	13	0	0
NKAPD1	0	9	0	2	0	20	0	0
TIMM8B	0	0	0	0	0	0	0	0
SDHD	0	1	0	0	0	1	0	0
AP002884.3	0	10	0	7	0	24	0	0
IL18	0	2	0	0	0	6	0	0
TEX12	0	3	0	0	0	4	0	0
BCO2	0	20	0	9	0	50	0	0
PTS	0	28	0	14	0	9	0	0
PLET1	0	14	0	13	0	1	0	0
NCAM1	0	113	0	1	0	64	0	0
TTC12	0	33	0	6	0	50	0	0
ANKK1	0	56	0	20	0	85	0	0
DRD2	0	78	0	0	0	29	0	0
TMPRSS5	0	50	0	11	0	41	0	0
ZW10	0	51	0	3	0	96	0	0
CLDN25	0	7	0	3	0	10	0	0
USP28	0	56	0	8	0	102	0	0
HTR3B	0	15	0	4	0	15	0	0
HTR3A	0	35	0	1	0	57	0	0
ZBTB16	0	55	0	1	0	36	0	0
NNMT	0	24	0	4	0	27	0	0
C11orf71	0	4	0	9	0	8	0	0
RBM7	0	4	0	6	0	21	0	0
AP002373.1	0	1	0	0	0	21	0	0
REXO2	0	5	0	1	0	14	0	0
NXPE1	0	14	0	2	0	33	0	0
NXPE4	0	40	0	3	0	24	0	0
NXPE2	0	22	0	5	0	27	0	0
CADM1	0	31	0	6	0	28	0	0
BUD13	0	26	0	2	0	64	0	0
ZPR1	0	16	0	4	0	31	0	0
APOA5	0	0	0	0	0	0	0	0
APOA4	0	28	0	8	0	43	0	0
APOC3	0	6	0	14	0	8	0	0
APOA1	0	0	0	0	0	0	0	0
SIK3	1	46	0	2	2	114	0	0
PAFAH1B2	0	9	0	0	0	15	0	0
SIDT2	0	40	0	3	0	66	0	0
TAGLN	0	46	0	1	0	33	0	0
PCSK7	0	31	0	1	0	27	0	0
RNF214	0	45	0	3	0	44	0	0
BACE1	0	9	0	2	0	21	0	0
CEP164	0	71	0	11	0	97	0	0
DSCAML1	2	208	0	1	1	240	0	0
FXYD2	0	23	0	6	0	9	0	0
FXYD6-FXYD2	0	25	0	6	0	18	0	0
FXYD6	0	2	0	0	0	9	0	0
TMPRSS13	0	41	0	5	1	52	0	0
IL10RA	0	51	0	1	0	15	0	0
SMIM35	0	0	0	0	0	0	0	0
TMPRSS4	0	20	0	2	0	24	0	0
SCN4B	0	8	0	1	0	16	0	0
SCN2B	0	7	0	0	0	23	0	0
JAML	0	16	0	3	0	25	0	0
MPZL3	0	6	0	6	0	41	0	0
MPZL2	0	29	0	7	0	20	0	0
CD3E	0	7	0	2	0	16	0	0
CD3D	0	0	0	2	0	1	0	0
CD3G	0	6	0	1	0	0	0	0
UBE4A	0	34	0	3	0	91	0	0
ATP5MG	0	10	0	0	0	5	0	0
AP001267.5	0	43	0	0	0	90	0	0
KMT2A	0	133	0	1	1	212	0	0
TTC36	0	8	0	6	0	24	0	0
TMEM25	0	2	0	2	0	6	0	0
IFT46	0	3	0	7	0	34	0	0
ARCN1	0	27	0	0	0	46	0	0
PHLDB1	0	74	0	5	0	159	0	0
TREH	0	39	0	21	0	51	0	0
DDX6	0	12	0	8	0	9	0	0
CXCR5	0	40	0	0	0	21	0	0
BCL9L	0	31	0	0	0	45	0	0
UPK2	0	39	0	16	0	25	0	0
FOXR1	0	29	0	2	0	10	0	0
CCDC84	0	21	0	11	0	34	0	0
RPS25	0	0	0	0	0	0	0	0
TRAPPC4	0	16	0	1	0	10	0	0
SLC37A4	0	38	0	2	0	53	0	0
HYOU1	0	0	0	0	0	0	0	0
VPS11	0	0	0	0	0	0	0	0
HMBS	0	13	0	0	0	44	0	0
H2AFX	0	0	0	0	0	0	0	0
DPAGT1	0	31	0	1	0	34	0	0
C2CD2L	0	47	0	2	0	69	0	0
HINFP	1	35	0	2	0	27	0	0
ABCG4	0	6	0	2	0	10	0	0
NLRX1	0	64	0	16	0	118	0	0
PDZD3	0	1	0	0	0	4	0	0
CCDC153	0	0	0	0	0	0	0	0
CBL	2	53	0	8	0	73	0	0
MCAM	0	18	0	0	0	8	0	0
RNF26	0	35	0	0	0	34	0	0
C1QTNF5	0	0	0	0	0	0	0	0
MFRP	0	31	0	16	0	41	0	0
USP2	0	33	0	2	0	62	0	0
THY1	0	6	0	0	0	8	0	0
NECTIN1	0	90	0	1	0	59	0	0
TRIM29	0	30	0	5	0	72	0	0
OAF	0	20	0	0	0	19	0	0
POU2F3	0	27	0	4	0	42	0	0
TMEM136	0	8	0	2	0	33	0	0
ARHGEF12	0	52	0	0	0	67	0	0
GRIK4	0	78	0	2	0	101	0	0
TBCEL	0	2	0	11	0	5	0	0
AP000646.1	0	11	0	11	0	21	0	0
TECTA	0	157	0	13	2	248	0	0
SC5D	0	5	0	7	0	11	0	0
SORL1	1	146	0	5	1	793	0	0
BLID	0	0	0	0	0	0	0	0
UBASH3B	0	65	0	2	0	38	0	0
CRTAM	0	35	0	3	0	13	0	0
JHY	0	30	0	9	0	33	0	0
BSX	0	18	0	1	0	33	0	0
HSPA8	0	68	0	0	0	17	0	0
CLMP	0	15	0	1	0	31	0	0
GRAMD1B	0	50	0	1	0	58	0	0
SCN3B	0	27	0	0	0	28	0	0
ZNF202	0	44	0	0	0	20	0	0
OR6X1	0	32	0	7	0	20	0	0
OR6M1	0	10	0	2	0	35	0	0
TMEM225	0	5	0	4	0	9	0	0
OR8D4	0	23	0	13	0	30	0	0
OR4D5	0	32	0	3	0	42	0	0
OR6T1	0	0	0	0	0	0	0	0
OR10S1	0	26	0	1	0	22	0	0
OR10G6	0	0	0	0	0	0	0	0
OR10G4	0	58	0	1	0	37	0	0
OR10G9	0	29	0	5	0	27	0	0
OR10G8	1	40	0	5	0	40	0	0
OR10G7	0	43	0	3	0	38	0	0
VWA5A	0	63	0	9	0	81	0	0
OR10D3	0	0	0	0	0	0	0	0
OR8G1	0	14	0	4	0	23	0	0
OR8G5	0	42	0	1	0	13	0	0
OR8D1	0	13	0	1	0	9	0	0
OR8D2	0	5	0	1	0	7	0	0
OR8B2	0	50	0	1	0	23	0	0
OR8B3	0	41	0	0	0	7	0	0
OR8B4	0	22	0	1	0	16	0	0
OR8B8	0	20	0	3	0	25	0	0
OR8B12	0	22	0	1	0	19	0	0
OR8A1	0	29	0	0	0	18	0	0
PANX3	0	11	0	3	0	48	0	0
TBRG1	0	12	0	3	0	0	0	0
SIAE	0	32	0	9	0	56	0	0
SPA17	0	9	0	2	0	12	0	0
NRGN	0	4	0	0	0	2	0	0
VSIG2	0	0	0	0	0	0	0	0
ESAM	0	37	0	0	0	15	0	0
MSANTD2	0	16	0	2	0	30	0	0
ROBO3	0	60	0	5	0	86	0	0
ROBO4	0	70	0	10	0	116	0	0
HEPACAM	0	17	0	1	0	46	0	0
HEPN1	0	0	0	0	0	0	0	0
CCDC15	0	47	0	11	0	30	0	0
SLC37A2	0	52	0	8	0	51	0	0
TMEM218	0	2	0	2	0	9	0	0
PKNOX2	0	24	0	0	0	50	0	0
FEZ1	0	29	0	0	0	43	0	0
EI24	0	9	0	0	0	15	0	0
STT3A	0	31	0	0	0	25	0	0
CHEK1	0	24	0	2	0	30	0	0
ACRV1	0	13	0	1	0	12	0	0
PATE1	0	4	0	0	0	2	0	0
PATE2	0	10	0	1	0	4	0	0
PATE3	0	4	0	2	0	6	0	0
PATE4	0	1	0	2	0	5	0	0
HYLS1	0	10	0	0	0	53	0	0
PUS3	0	10	0	0	0	53	0	0
DDX25	0	23	0	6	0	38	0	0
VSIG10L2	0	0	0	0	0	0	0	0
CDON	0	71	0	7	0	98	0	0
RPUSD4	0	22	0	3	0	45	0	0
FAM118B	0	24	0	3	0	31	0	0
SRPRA	0	3	0	0	0	4	0	0
FOXRED1	0	23	0	11	0	32	0	0
TIRAP	0	23	0	8	0	21	0	0
DCPS	1	27	0	2	0	61	0	0
ST3GAL4	0	18	0	2	0	28	0	0
KIRREL3	0	56	0	0	0	36	0	0
ETS1	0	15	0	4	0	22	0	0
FLI1	0	28	0	0	0	14	0	0
KCNJ1	0	5	0	1	0	8	0	0
KCNJ5	0	35	0	4	0	32	0	0
C11orf45	0	13	0	1	0	0	0	0
TP53AIP1	0	7	0	2	0	0	0	0
ARHGAP32	1	140	0	2	0	152	0	0
BARX2	0	15	0	1	0	37	0	0
TMEM45B	0	32	0	16	0	17	0	0
NFRKB	1	105	0	1	0	107	0	0
PRDM10	0	67	0	0	0	67	0	0
APLP2	0	28	0	3	0	94	0	0
ST14	0	125	0	2	0	56	0	0
ZBTB44	0	53	0	1	0	46	0	0
ADAMTS8	0	75	0	14	0	80	0	0
ADAMTS15	0	98	0	3	0	97	0	0
SNX19	0	39	0	9	0	91	0	0
NTM	0	24	0	2	0	21	0	0
OPCML	0	30	0	0	0	15	0	0
SPATA19	0	3	0	1	0	17	0	0
IGSF9B	0	133	0	1	1	114	0	0
JAM3	0	21	0	1	0	36	0	0
NCAPD3	0	66	0	2	0	31	0	0
VPS26B	0	37	0	1	0	15	0	0
THYN1	0	0	0	0	0	0	0	0
ACAD8	0	29	0	6	0	62	0	0
GLB1L3	0	10	0	7	0	27	0	0
GLB1L2	0	40	0	4	0	39	0	0
B3GAT1	0	27	0	0	0	23	0	0
