#Gene	syn.obs	syn.haps	lgd.obs	lgd.haps	dmis.obs	dmis.haps	lgd/dmis.obs	lgd/dmis.haps
POLR3K	0	17	0	1	0	6	0	0
SNRNP25	0	0	0	0	0	0	0	0
RHBDF1	0	95	0	7	0	97	0	0
MPG	0	23	0	18	0	70	0	0
NPRL3	0	35	0	3	0	53	0	0
HBZ	0	10	0	1	0	13	0	0
HBM	0	5	0	0	0	11	0	0
HBA2	0	5	0	1	0	15	0	0
HBA1	0	0	0	0	0	0	0	0
HBQ1	0	6	0	3	0	18	0	0
LUC7L	0	38	0	7	0	34	0	0
FAM234A	0	25	0	21	0	36	0	0
AC004754.1	0	25	0	21	0	36	0	0
RGS11	0	20	0	8	0	7	0	0
ARHGDIG	0	20	0	8	0	7	0	0
PDIA2	0	91	0	20	0	872	0	0
AXIN1	0	85	0	0	0	80	0	0
MRPL28	0	22	0	6	0	35	0	0
TMEM8A	0	25	0	3	0	19	0	0
NME4	0	31	0	4	0	70	0	0
DECR2	0	17	0	2	0	41	0	0
RAB11FIP3	0	47	0	3	0	59	0	0
CAPN15	1	284	0	3	1	168	0	0
PRR35	0	0	0	0	0	0	0	0
PIGQ	0	81	0	17	0	83	0	0
NHLRC4	0	0	0	0	0	0	0	0
RAB40C	0	25	0	0	0	9	0	0
WFIKKN1	0	0	0	0	0	0	0	0
METTL26	0	16	0	7	0	28	0	0
MCRIP2	0	3	0	0	0	7	0	0
WDR90	1	217	0	22	1	210	0	0
RHOT2	0	0	0	0	0	0	0	0
RHBDL1	0	0	0	0	0	0	0	0
STUB1	0	24	0	1	0	34	0	0
JMJD8	0	14	0	1	0	19	0	0
WDR24	0	14	0	0	0	9	0	0
FBXL16	0	39	0	0	0	19	0	0
METRN	0	19	0	0	0	4	0	0
FAM173A	0	24	0	6	0	31	0	0
CCDC78	0	0	0	0	0	0	0	0
HAGHL	0	31	0	2	0	32	0	0
CIAO3	0	41	0	2	0	42	0	0
MSLN	0	94	0	6	0	41	0	0
MSLNL	0	0	0	0	0	0	0	0
RPUSD1	0	48	0	10	0	67	0	0
CHTF18	0	7	0	2	0	10	0	0
GNG13	0	7	0	2	0	10	0	0
LMF1	0	81	0	10	0	93	0	0
SOX8	0	66	0	1	0	58	0	0
SSTR5	1	71	0	3	0	75	0	0
C1QTNF8	0	14	0	10	0	31	0	0
CACNA1H	2	364	0	1	1	306	0	0
TPSG1	0	62	0	22	0	56	0	0
TPSB2	0	0	0	0	0	0	0	0
TPSAB1	0	21	0	0	0	11	0	0
TPSD1	1	43	0	3	0	27	0	0
UBE2I	0	13	0	0	0	5	0	0
BAIAP3	0	43	0	11	0	64	0	0
TSR3	0	54	0	8	0	45	0	0
GNPTG	0	41	0	8	0	20	0	0
UNKL	0	132	0	8	0	48	0	0
C16orf91	0	3	0	0	0	10	0	0
AL032819.3	0	0	0	0	0	0	0	0
CCDC154	0	68	0	8	0	47	0	0
CLCN7	0	119	0	6	0	62	0	0
PTX4	0	53	0	6	0	28	0	0
TELO2	0	97	0	3	0	98	0	0
IFT140	0	64	0	6	0	87	0	0
TMEM204	0	29	0	1	0	27	0	0
CRAMP1	0	155	0	0	0	57	0	0
AL031708.1	0	149	0	1	0	56	0	0
JPT2	0	16	0	2	0	6	0	0
MAPK8IP3	0	45	0	2	0	47	0	0
NME3	0	0	0	0	0	0	0	0
MRPS34	0	20	0	20	0	26	0	0
EME2	0	0	0	0	0	0	0	0
SPSB3	0	93	0	3	0	83	0	0
NUBP2	0	1	0	1	0	0	0	0
IGFALS	0	92	0	2	0	83	0	0
HAGH	0	38	0	3	0	40	0	0
FAHD1	0	17	0	8	0	43	0	0
MEIOB	0	13	0	4	0	37	0	0
HS3ST6	0	49	0	1	0	49	0	0
MSRB1	0	0	0	0	0	0	0	0
RPL3L	0	50	0	4	1	91	0	0
NDUFB10	0	4	0	0	0	17	0	0
RPS2	0	0	0	0	0	0	0	0
RNF151	0	17	0	1	0	25	0	0
TBL3	0	94	0	0	1	97	0	0
NOXO1	0	0	0	0	0	0	0	0
GFER	0	12	0	1	0	20	0	0
SYNGR3	0	6	0	1	0	11	0	0
ZNF598	0	0	0	0	0	1	0	0
NPW	0	24	0	2	0	19	0	0
SLC9A3R2	0	13	0	0	0	15	0	0
NTHL1	0	20	0	8	1	43	0	0
TSC2	0	233	0	2	0	185	0	0
PKD1	6	657	0	5	5	613	0	0
RAB26	0	23	0	0	0	41	0	0
TRAF7	0	78	0	3	0	53	0	0
CASKIN1	0	57	0	1	0	34	0	0
MLST8	0	38	0	0	0	29	0	0
BRICD5	0	0	0	0	0	0	0	0
PGP	0	0	0	0	0	0	0	0
E4F1	2	125	0	2	0	65	0	0
DNASE1L2	0	0	0	0	0	0	0	0
ECI1	0	12	0	10	0	29	0	0
RNPS1	0	14	0	1	0	25	0	0
ABCA3	1	186	0	2	2	144	0	0
CCNF	0	13	0	0	0	0	0	0
TEDC2	0	21	0	7	0	20	0	0
NTN3	0	0	0	0	0	0	0	0
TBC1D24	0	54	0	8	0	39	0	0
AC093525.2	0	56	0	8	0	39	0	0
ATP6V0C	0	2	0	0	0	0	0	0
AC093525.1	0	21	0	4	0	20	0	0
AMDHD2	0	54	0	4	0	32	0	0
CEMP1	0	0	0	0	0	0	0	0
PDPK1	0	21	0	1	0	9	0	0
KCTD5	0	15	0	2	0	13	0	0
PRSS27	0	18	0	3	0	11	0	0
SRRM2	0	152	0	6	0	291	0	0
ELOB	0	31	0	7	0	9	0	0
PRSS33	0	23	0	3	0	30	0	0
PRSS41	0	19	0	6	0	14	0	0
PRSS21	0	18	0	7	0	9	0	0
ZG16B	0	24	0	8	0	12	0	0
PRSS22	0	48	0	4	0	13	0	0
FLYWCH2	0	7	0	0	0	8	0	0
FLYWCH1	1	113	0	15	0	133	0	0
KREMEN2	0	0	0	0	0	0	0	0
PKMYT1	0	38	0	2	0	27	0	0
PAQR4	0	5	0	0	0	9	0	0
AC004233.2	0	0	0	0	0	0	0	0
CLDN9	0	0	0	0	0	0	0	0
CLDN6	0	0	0	0	0	0	0	0
TNFRSF12A	0	0	0	0	0	0	0	0
HCFC1R1	0	10	0	0	0	14	0	0
THOC6	0	0	0	0	0	0	0	0
BICDL2	0	0	0	0	0	0	0	0
MMP25	0	52	0	15	0	75	0	0
IL32	0	31	0	3	0	3	0	0
ZSCAN10	0	60	0	6	0	37	0	0
ZNF205	0	50	0	0	0	20	0	0
ZNF213	0	42	0	3	0	33	0	0
OR1F1	0	22	0	16	0	42	0	0
ZNF200	0	29	0	6	0	36	0	0
MEFV	1	94	0	6	0	25	0	0
ZNF263	0	79	0	14	0	87	0	0
TIGD7	0	33	0	11	0	24	0	0
ZNF75A	0	0	0	3	0	0	0	0
OR2C1	0	24	0	4	0	52	0	0
AC025283.3	0	121	0	12	0	66	0	0
MTRNR2L4	0	1	0	0	0	1	0	0
ZSCAN32	0	55	0	10	0	26	0	0
AC025283.2	0	55	0	10	0	26	0	0
ZNF174	0	18	0	0	0	20	0	0
ZNF597	0	49	0	2	0	19	0	0
NAA60	0	6	0	0	0	29	0	0
C16orf90	0	15	0	1	0	15	0	0
CLUAP1	0	15	0	1	0	67	0	0
NLRC3	0	102	0	10	0	156	0	0
SLX4	1	152	0	9	0	116	0	0
DNASE1	0	78	0	14	0	159	0	0
TRAP1	0	97	0	18	1	175	0	0
CREBBP	1	183	0	0	0	192	0	0
ADCY9	1	145	0	3	0	100	0	0
SRL	0	51	0	3	0	44	0	0
TFAP4	0	31	0	0	0	24	0	0
GLIS2	0	53	0	0	0	51	0	0
PAM16	0	55	0	0	0	59	0	0
CORO7-PAM16	1	107	0	7	0	112	0	0
CORO7	1	107	0	7	0	112	0	0
VASN	0	0	0	0	0	0	0	0
DNAJA3	0	45	0	1	0	56	0	0
NMRAL1	0	39	0	3	0	42	0	0
HMOX2	0	25	0	3	0	44	0	0
CDIP1	0	0	0	0	0	0	0	0
C16orf96	0	92	0	20	0	64	0	0
UBALD1	0	28	0	0	0	23	0	0
MGRN1	0	99	0	3	0	60	0	0
NUDT16L1	0	0	0	0	0	0	0	0
ANKS3	0	66	0	2	0	69	0	0
C16orf71	0	12	0	9	0	16	0	0
ZNF500	0	63	0	3	0	44	0	0
SEPT12	0	43	0	1	0	37	0	0
SMIM22	0	0	0	0	0	0	0	0
ROGDI	0	22	0	1	0	15	0	0
GLYR1	0	62	0	1	0	23	0	0
UBN1	0	84	0	1	0	88	0	0
PPL	0	91	0	2	0	178	0	0
SEC14L5	0	83	0	13	0	77	0	0
NAGPA	0	70	0	3	0	74	0	0
ALG1	0	63	0	15	0	102	0	0
C16orf89	0	19	0	6	0	25	0	0
EEF2KMT	0	9	0	6	0	25	0	0
RBFOX1	0	69	0	2	0	78	0	0
TMEM114	0	0	0	0	0	0	0	0
METTL22	0	20	0	0	0	23	0	0
ABAT	0	29	0	2	0	33	0	0
TMEM186	0	1	0	1	0	1	0	0
PMM2	0	18	0	6	0	60	0	0
CARHSP1	0	22	0	3	0	29	0	0
AC022167.5	0	0	0	0	0	0	0	0
USP7	0	41	0	0	0	33	0	0
C16orf72	0	19	0	0	0	12	0	0
GRIN2A	0	95	0	2	0	63	0	0
ATF7IP2	0	29	0	5	0	24	0	0
EMP2	0	13	0	2	0	26	0	0
TEKT5	0	53	0	3	0	1168	0	0
NUBP1	1	22	0	4	0	37	0	0
TVP23A	0	6	0	4	0	23	0	0
CIITA	0	105	0	6	0	123	0	0
DEXI	0	5	0	1	0	10	0	0
CLEC16A	0	75	0	0	0	83	0	0
RMI2	0	68	0	4	1	51	0	0
SOCS1	0	29	0	0	0	16	0	0
TNP2	0	15	0	2	0	8	0	0
PRM3	0	0	0	0	0	0	0	0
PRM2	0	8	0	1	0	9	0	0
PRM1	0	0	0	0	0	0	0	0
AC099489.1	0	21	0	6	0	23	0	0
LITAF	0	18	0	1	0	18	0	0
SNN	0	0	0	0	0	0	0	0
TXNDC11	1	54	0	15	0	83	0	0
ZC3H7A	0	34	0	6	0	73	0	0
RSL1D1	0	25	0	1	0	43	0	0
GSPT1	0	20	0	0	0	19	0	0
NPIPB2	0	10	0	0	0	23	0	0
TNFRSF17	0	10	0	0	0	23	0	0
SNX29	0	44	0	4	0	26	0	0
CPPED1	0	17	0	7	0	18	0	0
SHISA9	0	51	0	0	0	44	0	0
ERCC4	0	24	0	6	0	120	0	0
MRTFB	0	70	0	7	0	57	0	0
PARN	0	32	0	0	0	39	0	0
BFAR	0	15	0	1	0	28	0	0
PLA2G10	0	0	0	0	0	0	0	0
NPIPA3	0	0	0	0	0	0	0	0
NPIPA2	0	0	0	0	0	0	0	0
NOMO1	0	122	0	9	0	122	0	0
NPIPA1	0	24	0	10	0	1	0	0
PDXDC1	0	89	0	19	0	163	0	0
NTAN1	0	19	0	3	0	33	0	0
RRN3	0	24	0	3	0	54	0	0
NPIPA5	0	33	0	8	0	4	0	0
MPV17L	0	4	0	0	0	5	0	0
AC140504.1	0	6	0	1	0	11	0	0
C16orf45	0	89	0	1	0	73	0	0
MARF1	0	105	0	0	0	100	0	0
NDE1	0	112	0	3	1	143	0	0
MYH11	1	193	0	4	0	194	0	0
FOPNL	0	7	0	1	0	14	0	0
ABCC1	0	155	0	4	0	137	0	0
ABCC6	1	128	0	26	0	148	0	0
NOMO3	0	27	0	4	2	38	0	0
PKD1P1	0	0	0	0	0	0	0	0
NPIPA7	0	0	0	0	0	0	0	0
XYLT1	0	94	0	0	0	112	0	0
NPIPA8	0	0	0	0	0	0	0	0
AC126755.2	0	0	0	0	0	0	0	0
NOMO2	0	44	0	20	1	63	0	0
RPS15A	0	0	0	0	0	0	0	0
AC138811.2	0	5	0	3	0	15	0	0
ARL6IP1	0	5	0	3	0	15	0	0
SMG1	0	128	0	3	4	283	0	0
TMC7	0	46	0	7	1	77	0	0
COQ7	0	13	0	3	0	28	0	0
ITPRIPL2	0	32	0	2	0	49	0	0
SYT17	0	59	0	0	0	72	0	0
CLEC19A	0	3	0	2	0	14	0	0
TMC5	0	60	0	10	0	55	0	0
GDE1	0	15	0	3	0	23	0	0
CCP110	0	45	0	1	0	65	0	0
VPS35L	0	44	0	12	0	97	0	0
KNOP1	0	24	0	6	0	20	0	0
IQCK	0	6	0	0	0	4	0	0
GPRC5B	0	33	0	1	0	53	0	0
GPR139	0	6	0	0	0	0	0	0
GP2	0	41	0	4	0	9	0	0
UMOD	0	47	0	2	0	31	0	0
PDILT	0	50	0	6	0	68	0	0
ACSM5	0	44	0	9	0	61	0	0
ACSM2A	0	66	0	16	0	61	0	0
ACSM2B	0	37	0	7	0	63	0	0
ACSM3	1	76	0	33	0	146	0	0
ACSM1	0	28	0	20	0	62	0	0
THUMPD1	0	23	0	5	0	38	0	0
ERI2	0	81	0	11	1	100	0	0
REXO5	0	55	0	4	0	41	0	0
DCUN1D3	0	17	0	0	0	22	0	0
LYRM1	0	6	0	11	0	14	0	0
DNAH3	0	1374	0	57	2	449	0	0
TMEM159	0	5	0	4	0	9	0	0
ZP2	0	0	0	0	0	0	0	0
ANKS4B	0	29	0	2	0	31	0	0
CRYM	0	34	0	6	0	51	0	0
NPIPB3	0	0	0	0	0	0	0	0
METTL9	0	21	0	1	0	15	0	0
IGSF6	0	10	0	0	0	11	0	0
OTOA	0	32	0	5	0	55	0	0
NPIPB4	0	0	0	0	0	0	0	0
UQCRC2	0	5	0	4	0	27	0	0
PDZD9	0	14	0	1	0	2	0	0
MOSMO	0	1	0	4	0	3	0	0
VWA3A	0	29	0	8	1	61	0	0
SDR42E2	0	0	0	0	0	0	0	0
EEF2K	0	51	0	29	0	117	0	0
POLR3E	0	48	0	4	0	103	0	0
CDR2	0	23	0	2	0	24	0	0
NPIPB5	0	5	0	0	0	2	0	0
HS3ST2	0	22	0	0	0	24	0	0
USP31	0	75	0	6	0	121	0	0
SCNN1G	0	26	0	2	0	43	0	0
SCNN1B	0	75	0	1	0	70	0	0
COG7	0	37	0	7	0	88	0	0
GGA2	0	34	0	2	0	69	0	0
EARS2	0	26	0	2	0	48	0	0
UBFD1	0	24	0	0	0	34	0	0
NDUFAB1	0	13	0	0	0	14	0	0
PALB2	0	53	0	14	0	48	0	0
DCTN5	0	13	0	3	0	4	0	0
PLK1	0	4	0	0	0	11	0	0
ERN2	0	79	0	36	0	92	0	0
CHP2	0	21	0	7	0	44	0	0
PRKCB	0	25	0	1	0	44	0	0
CACNG3	0	18	0	0	0	15	0	0
RBBP6	0	95	0	0	2	112	0	0
TNRC6A	0	937	0	4	0	211	0	0
SLC5A11	1	54	0	3	0	40	0	0
ARHGAP17	0	83	0	1	1	81	0	0
LCMT1	0	5	0	0	0	1	0	0
AQP8	0	36	0	14	0	11	0	0
ZKSCAN2	0	53	0	3	0	85	0	0
HS3ST4	0	17	0	0	0	69	0	0
KDM8	0	33	0	4	0	24	0	0
NSMCE1	0	5	0	2	0	17	0	0
IL4R	0	85	0	3	0	23	0	0
IL21R	1	43	0	0	0	20	0	0
GTF3C1	0	101	0	2	0	102	0	0
KIAA0556	1	128	0	24	0	132	0	0
GSG1L	0	34	0	1	0	29	0	0
XPO6	0	65	0	0	0	54	0	0
SBK1	0	34	0	0	0	28	0	0
NPIPB6	0	45	0	6	0	9	0	0
EIF3CL	0	0	0	0	0	6	0	0
AC138894.1	0	31	0	3	0	40	0	0
NPIPB7	0	0	0	0	0	0	0	0
CLN3	0	31	0	3	0	40	0	0
APOBR	0	0	0	0	0	0	0	0
IL27	0	10	0	3	0	15	0	0
NUPR1	0	7	0	5	0	9	0	0
SGF29	0	14	0	0	0	10	0	0
SULT1A2	0	0	0	0	0	0	0	0
SULT1A1	0	47	0	15	1	48	0	0
NPIPB8	0	0	0	0	0	0	0	0
EIF3C	0	24	0	7	0	15	0	0
NPIPB9	0	0	0	0	0	0	0	0
ATXN2L	0	126	0	0	0	73	0	0
TUFM	0	39	0	0	0	55	0	0
SH2B1	0	68	0	1	0	67	0	0
ATP2A1	0	53	0	6	1	93	0	0
RABEP2	0	60	0	0	0	32	0	0
CD19	0	59	0	5	0	17	0	0
NFATC2IP	0	27	0	4	0	27	0	0
SPNS1	0	49	0	1	0	77	0	0
LAT	0	4	0	0	0	3	0	0
NPIPB11	0	52	0	5	0	6	0	0
BOLA2	0	0	0	0	0	0	0	0
BOLA2-SMG1P6	0	0	0	0	0	0	0	0
SLX1B	0	1	0	0	0	1	0	0
SULT1A4	0	0	0	0	0	0	0	0
NPIPB12	0	0	0	0	0	0	0	0
SPN	0	20	0	1	0	13	0	0
AC009086.2	0	20	0	1	0	13	0	0
QPRT	0	0	0	0	0	0	0	0
C16orf54	0	14	0	0	0	11	0	0
ZG16	0	17	0	1	0	17	0	0
KIF22	0	28	0	2	0	56	0	0
MAZ	0	0	0	0	0	0	0	0
PRRT2	0	0	0	0	0	0	0	0
AC009133.6	0	0	0	0	0	0	0	0
PAGR1	0	0	0	0	0	0	0	0
AC120114.4	0	2	0	0	0	1	0	0
MVP	0	94	0	11	0	88	0	0
CDIPT	0	26	0	1	0	21	0	0
SEZ6L2	0	73	0	3	0	76	0	0
ASPHD1	0	11	0	1	0	11	0	0
KCTD13	0	17	0	1	0	21	0	0
TMEM219	0	20	0	3	0	21	0	0
TAOK2	0	64	0	1	0	57	0	0
HIRIP3	0	19	0	7	0	48	0	0
INO80E	0	5	0	3	0	12	0	0
DOC2A	0	0	0	0	0	0	0	0
C16orf92	0	14	0	3	0	20	0	0
FAM57B	0	18	0	3	0	20	0	0
AC093512.2	0	0	0	0	0	0	0	0
ALDOA	0	0	0	0	0	0	0	0
PPP4C	0	0	0	0	0	0	0	0
TBX6	0	52	0	0	0	63	0	0
YPEL3	0	0	0	0	0	0	0	0
GDPD3	0	0	0	0	0	0	0	0
MAPK3	0	43	0	1	0	46	0	0
CORO1A	1	65	0	0	0	25	0	0
BOLA2B	0	0	0	0	0	0	0	0
SLX1A	0	9	0	1	0	30	0	0
SULT1A3	0	0	0	0	0	0	0	0
NPIPB13	0	0	0	0	0	0	0	0
CD2BP2	0	13	0	2	0	50	0	0
TBC1D10B	0	21	0	0	0	19	0	0
MYLPF	0	0	0	0	0	0	0	0
ZNF48	0	54	0	6	0	87	0	0
SEPT1	0	21	0	5	0	41	0	0
ZNF771	0	45	0	3	0	27	0	0
DCTPP1	0	7	0	3	0	15	0	0
SEPHS2	0	20	0	1	0	31	0	0
ITGAL	1	73	0	3	0	45	0	0
ZNF768	0	0	0	0	0	0	0	0
AC002310.5	0	31	0	2	0	5	0	0
ZNF747	0	31	0	2	0	5	0	0
AC002310.4	0	50	0	10	0	48	0	0
ZNF764	0	32	0	9	0	44	0	0
ZNF688	0	34	0	1	0	47	0	0
ZNF785	0	22	0	16	0	14	0	0
ZNF689	0	25	0	0	0	41	0	0
PRR14	0	0	0	1	0	0	0	0
FBRS	0	54	0	1	0	45	0	0
SRCAP	0	226	0	3	1	279	0	0
AC106886.5	0	225	0	3	1	279	0	0
TMEM265	0	0	0	0	0	0	0	0
PHKG2	0	33	0	4	0	49	0	0
CCDC189	0	0	0	0	0	3	0	0
RNF40	0	84	0	3	0	99	0	0
ZNF629	0	42	0	0	0	36	0	0
BCL7C	0	37	0	8	0	13	0	0
CTF1	0	22	0	1	0	7	0	0
FBXL19	0	51	0	0	0	26	0	0
ORAI3	0	4	0	0	0	8	0	0
SETD1A	0	197	0	0	3	197	0	0
HSD3B7	0	0	0	0	0	0	0	0
STX1B	0	23	0	0	0	11	0	0
STX4	0	16	0	2	0	32	0	0
ZNF668	0	49	0	1	0	35	0	0
ZNF646	0	1	0	0	0	0	0	0
PRSS53	0	14	0	5	0	45	0	0
AC135050.2	0	15	0	5	0	63	0	0
VKORC1	0	1	0	0	0	18	0	0
BCKDK	0	42	0	1	1	49	0	0
KAT8	0	60	0	1	0	16	0	0
PRSS8	0	0	0	0	0	0	0	0
PRSS36	0	34	0	21	0	84	0	0
FUS	0	60	0	0	0	31	0	0
PYCARD	0	22	0	3	0	11	0	0
TRIM72	0	24	0	6	0	36	0	0
PYDC1	0	3	0	3	0	1	0	0
ITGAM	0	95	0	16	0	69	0	0
ITGAX	0	96	0	5	1	115	0	0
ITGAD	0	101	0	12	0	67	0	0
COX6A2	0	8	0	1	0	10	0	0
ZNF843	0	30	0	1	0	16	0	0
ARMC5	0	111	0	1	0	87	0	0
TGFB1I1	0	18	0	4	0	48	0	0
SLC5A2	0	2	0	1	0	1	0	0
C16orf58	0	41	0	20	0	40	0	0
AHSP	0	4	0	1	0	5	0	0
ZNF720	0	1	0	493	0	3	0	0
ZNF267	0	11	0	11	0	26	0	0
IGHV3OR16-9	0	0	0	0	0	0	0	0
TP53TG3D	0	7	0	9	0	0	0	0
TP53TG3	0	0	0	0	0	0	0	0
TP53TG3C	0	0	0	0	0	0	0	0
TP53TG3E	0	0	0	0	0	0	0	0
TP53TG3B	0	0	0	0	0	0	0	0
TP53TG3F	0	0	0	0	0	0	0	0
AC136428.1	0	0	0	0	0	0	0	0
SHCBP1	0	42	0	7	0	29	0	0
VPS35	0	30	0	4	0	60	0	0
ORC6	0	19	0	13	0	24	0	0
MYLK3	0	60	0	9	0	34	0	0
C16orf87	0	1	0	1	0	4	0	0
GPT2	0	72	0	1	0	35	0	0
DNAJA2	0	20	0	0	0	20	0	0
NETO2	0	21	0	6	0	55	0	0
ITFG1	0	27	0	1	0	24	0	0
PHKB	0	38	0	8	1	120	0	0
ABCC12	0	103	0	16	0	127	0	0
ABCC11	0	129	0	20	0	93	0	0
LONP2	0	39	0	24	0	56	0	0
SIAH1	0	2	0	0	0	3	0	0
N4BP1	0	35	0	1	0	33	0	0
CBLN1	0	1	0	0	0	17	0	0
C16orf78	0	22	0	3	0	22	0	0
ZNF423	0	140	0	1	0	163	0	0
CNEP1R1	0	1	0	0	0	2	0	0
HEATR3	0	30	0	2	0	77	0	0
TENT4B	0	50	0	4	0	20	0	0
ADCY7	0	140	0	9	0	119	0	0
BRD7	0	44	0	1	0	61	0	0
NKD1	0	35	0	1	0	58	0	0
SNX20	0	7	0	0	0	6	0	0
NOD2	0	73	0	16	0	182	0	0
CYLD	1	38	0	1	0	30	0	0
SALL1	0	123	0	2	0	102	0	0
HNRNPA1P48	0	0	0	0	0	0	0	0
TOX3	0	36	0	3	0	44	0	0
AC007906.2	0	0	0	0	0	0	0	0
CHD9	0	32	0	2	0	59	0	0
RBL2	0	27	0	1	0	90	0	0
AKTIP	0	0	0	0	0	5	0	0
RPGRIP1L	0	54	0	18	0	97	0	0
FTO	0	9	0	1	0	9	0	0
IRX3	0	28	0	1	0	75	0	0
IRX5	0	34	0	1	0	51	0	0
IRX6	0	49	0	6	0	46	0	0
MMP2	0	58	0	0	0	89	0	0
LPCAT2	0	23	0	2	1	38	0	0
CAPNS2	0	0	0	0	0	0	0	0
SLC6A2	0	48	0	1	0	45	0	0
CES1	1	44	0	6	0	50	0	0
CES5A	0	73	0	33	0	58	0	0
GNAO1	0	47	0	0	0	19	0	0
AMFR	0	33	0	1	0	57	0	0
NUDT21	0	16	0	0	0	4	0	0
OGFOD1	0	2	0	0	0	0	0	0
BBS2	0	33	0	16	0	65	0	0
MT4	0	1	0	0	0	10	0	0
MT3	0	2	0	0	0	8	0	0
MT2A	0	1	0	0	0	14	0	0
MT1E	0	2	0	0	0	8	0	0
MT1M	0	5	0	1	0	5	0	0
MT1A	0	2	0	0	0	1	0	0
MT1B	0	5	0	1	0	3	0	0
MT1F	0	7	0	0	0	0	0	0
MT1G	0	0	0	0	0	0	0	0
MT1H	0	1	0	3	0	2	0	0
MT1X	0	3	0	9	0	4	0	0
NUP93	0	46	0	2	1	91	0	0
SLC12A3	1	96	0	16	0	153	0	0
HERPUD1	0	7	0	1	0	23	0	0
CETP	0	37	0	7	0	33	0	0
NLRC5	0	109	0	5	0	106	0	0
CPNE2	0	47	0	2	0	53	0	0
FAM192A	0	15	0	1	0	8	0	0
RSPRY1	0	22	0	0	0	22	0	0
ARL2BP	0	2	0	1	0	10	0	0
PLLP	0	29	0	1	0	16	0	0
CCL22	0	3	0	0	0	12	0	0
CX3CL1	0	70	0	0	0	13	0	0
CCL17	0	15	0	1	0	6	0	0
CIAPIN1	0	28	0	0	0	27	0	0
COQ9	0	9	0	1	0	10	0	0
POLR2C	0	25	0	1	0	19	0	0
DOK4	0	1	0	0	0	1	0	0
CCDC102A	0	46	0	0	0	52	0	0
ADGRG5	0	49	0	1	0	38	0	0
ADGRG1	0	70	0	0	0	34	0	0
ADGRG3	0	60	0	6	0	29	0	0
DRC7	0	73	0	10	0	104	0	0
KATNB1	0	37	0	0	0	31	0	0
KIFC3	0	68	0	2	0	112	0	0
CNGB1	0	63	0	97	0	118	0	0
TEPP	0	16	0	5	0	26	0	0
ZNF319	0	0	0	0	0	0	0	0
USB1	0	17	0	10	0	18	0	0
MMP15	0	76	0	1	0	86	0	0
CFAP20	0	12	0	2	0	11	0	0
CSNK2A2	0	23	0	0	0	17	0	0
CCDC113	0	9	0	13	0	23	0	0
PRSS54	0	7	0	1	0	6	0	0
GINS3	0	10	0	2	0	34	0	0
NDRG4	0	32	0	0	0	48	0	0
SETD6	0	26	0	5	0	48	0	0
CNOT1	0	83	0	1	0	99	0	0
SLC38A7	0	22	0	3	0	34	0	0
GOT2	0	17	0	0	0	25	0	0
AC018554.3	0	0	0	0	0	0	0	0
CDH8	0	43	0	0	0	49	0	0
CDH11	0	49	0	3	0	65	0	0
CDH5	0	59	0	11	0	57	0	0
BEAN1	0	9	0	2	0	18	0	0
AC010542.3	0	11	0	2	0	26	0	0
TK2	0	8	0	0	0	11	0	0
CKLF	0	11	0	1	0	7	0	0
CKLF-CMTM1	0	11	0	1	0	7	0	0
CMTM1	0	0	0	0	0	0	0	0
CMTM2	0	12	0	3	0	29	0	0
CMTM3	0	15	0	1	0	19	0	0
CMTM4	0	33	0	0	0	13	0	0
DYNC1LI2	0	32	0	1	0	42	0	0
TERB1	0	16	0	3	0	42	0	0
NAE1	0	24	0	4	0	56	0	0
CA7	0	5	0	1	0	12	0	0
PDP2	0	42	0	1	0	47	0	0
CDH16	0	81	0	6	0	72	0	0
RRAD	0	19	0	1	0	22	0	0
CIAO2B	0	0	0	0	0	0	0	0
CES2	0	51	0	11	0	26	0	0
CES3	0	65	0	10	0	29	0	0
CES4A	0	1	0	0	0	0	0	0
CBFB	0	17	0	0	0	12	0	0
C16orf70	0	28	0	2	0	17	0	0
B3GNT9	0	0	0	0	0	0	0	0
TRADD	0	4	0	1	0	2	0	0
FBXL8	0	23	0	3	0	32	0	0
AC074143.1	0	7	0	0	0	5	0	0
HSF4	0	0	0	0	0	0	0	0
NOL3	0	25	0	28	0	17	0	0
KIAA0895L	0	0	0	0	0	0	0	0
EXOC3L1	0	6	0	7	0	12	0	0
E2F4	0	0	0	0	0	0	0	0
ELMO3	0	62	0	15	0	73	0	0
LRRC29	0	1	0	1	0	0	0	0
TMEM208	0	0	0	0	0	0	0	0
FHOD1	0	79	0	14	1	125	0	0
SLC9A5	0	66	0	3	0	100	0	0
PLEKHG4	0	22	0	1	0	30	0	0
KCTD19	0	61	0	6	0	55	0	0
LRRC36	0	24	0	7	0	23	0	0
TPPP3	0	9	0	1	0	15	0	0
ZDHHC1	0	45	0	4	0	26	0	0
HSD11B2	0	0	0	1	0	8	0	0
ATP6V0D1	0	23	0	1	0	6	0	0
AGRP	0	0	0	0	0	0	0	0
RIPOR1	0	60	0	0	0	90	0	0
CTCF	0	59	0	0	0	16	0	0
CARMIL2	0	61	0	5	0	74	0	0
ACD	0	23	0	3	0	42	0	0
PARD6A	0	0	0	0	0	0	0	0
ENKD1	0	0	0	0	0	0	0	0
C16orf86	0	0	0	0	0	0	0	0
GFOD2	0	28	0	2	0	63	0	0
RANBP10	1	53	0	1	0	49	0	0
TSNAXIP1	0	29	0	9	0	85	0	0
CENPT	0	0	0	0	0	0	0	0
THAP11	0	0	0	0	0	0	0	0
NUTF2	0	10	0	0	0	1	0	0
EDC4	0	30	0	2	0	38	0	0
NRN1L	0	6	0	8	0	4	0	0
PSKH1	0	42	0	0	0	34	0	0
CTRL	0	0	0	0	0	0	0	0
AC040162.1	0	0	0	0	0	0	0	0
PSMB10	0	0	0	0	0	0	0	0
LCAT	0	19	0	0	0	28	0	0
SLC12A4	1	37	0	2	1	55	0	0
DPEP3	0	28	0	5	0	18	0	0
DPEP2	0	0	0	0	0	0	0	0
DUS2	0	59	0	10	0	81	0	0
DPEP2NB	0	0	0	0	0	0	0	0
DDX28	0	40	0	2	0	41	0	0
NFATC3	0	29	0	2	0	85	0	0
ESRP2	0	0	0	0	0	0	0	0
PLA2G15	0	26	0	1	0	29	0	0
SLC7A6	0	27	0	7	0	32	0	0
SLC7A6OS	0	21	0	5	0	30	0	0
PRMT7	0	47	0	3	0	45	0	0
SMPD3	0	107	0	0	0	86	0	0
ZFP90	0	28	0	3	0	19	0	0
CDH3	0	80	0	4	0	45	0	0
CDH1	0	70	0	1	0	51	0	0
TANGO6	0	62	0	7	0	66	0	0
HAS3	0	32	0	0	0	22	0	0
CHTF8	0	1	0	0	0	0	0	0
UTP4	0	61	0	5	1	77	0	0
SNTB2	0	41	0	1	0	45	0	0
AC026464.4	0	34	0	1	0	26	0	0
VPS4A	0	32	0	1	0	22	0	0
COG8	0	16	0	0	0	16	0	0
PDF	0	0	0	0	0	0	0	0
AC026464.6	0	0	0	0	0	0	0	0
AC026464.3	0	5	0	0	0	28	0	0
AC026464.1	0	5	0	0	0	28	0	0
NIP7	0	2	0	0	0	19	0	0
TMED6	0	3	0	0	0	9	0	0
TERF2	0	26	0	1	0	28	0	0
CYB5B	0	5	0	0	0	10	0	0
NFAT5	0	81	0	3	0	69	0	0
NQO1	0	21	0	12	0	25	0	0
NOB1	0	61	0	5	1	46	0	0
WWP2	0	67	0	2	0	77	0	0
CLEC18A	0	20	0	3	0	12	0	0
PDPR	0	55	0	13	0	214	0	0
CLEC18C	0	16	0	7	0	13	0	0
EXOSC6	0	0	0	0	0	0	0	0
AARS	0	50	0	4	0	86	0	0
DDX19B	0	48	0	1	0	14	0	0
AC012184.2	0	73	0	1	0	34	0	0
DDX19A	0	25	0	0	0	20	0	0
ST3GAL2	0	15	0	0	0	25	0	0
FUK	0	111	0	14	0	133	0	0
COG4	0	28	0	0	0	57	0	0
SF3B3	0	50	0	0	0	41	0	0
IL34	0	13	0	0	0	17	0	0
MTSS1L	0	32	0	0	0	34	0	0
VAC14	0	69	0	4	0	37	0	0
HYDIN	1	73	0	13	0	64	0	0
CMTR2	0	35	0	6	0	59	0	0
CALB2	0	8	0	3	0	27	0	0
TLE7	0	0	0	0	0	0	0	0
ZNF23	0	39	0	1	0	34	0	0
AC010547.4	0	284	0	11	0	64	0	0
ZNF19	0	262	0	15	0	46	0	0
CHST4	0	17	0	2	0	17	0	0
TAT	0	27	0	1	0	29	0	0
MARVELD3	0	41	0	9	0	19	0	0
PHLPP2	0	46	0	2	0	97	0	0
AP1G1	0	68	0	0	0	952	0	0
ATXN1L	0	77	0	0	0	73	0	0
IST1	0	101	0	9	0	112	0	0
ZNF821	0	18	0	0	0	12	0	0
PKD1L3	0	385	0	25	0	339	0	0
DHODH	0	29	0	6	0	57	0	0
TXNL4B	0	65	0	16	0	100	0	0
HP	0	35	0	5	0	31	0	0
HPR	0	23	0	11	0	65	0	0
DHX38	0	105	0	3	1	116	0	0
PMFBP1	0	41	0	12	0	38	0	0
ZFHX3	3	327	0	0	3	459	0	0
PSMD7	1	23	0	0	0	30	0	0
NPIPB15	0	40	0	10	0	19	0	0
CLEC18B	0	55	0	16	0	79	0	0
GLG1	0	79	0	1	0	72	0	0
RFWD3	0	53	0	2	0	48	0	0
MLKL	0	15	0	12	0	19	0	0
FA2H	0	19	0	2	1	35	0	0
WDR59	1	108	0	6	1	125	0	0
ZNRF1	0	21	0	1	0	37	0	0
LDHD	0	55	0	6	0	68	0	0
ZFP1	0	31	0	4	0	34	0	0
CTRB2	0	14	0	3	0	5	0	0
CTRB1	0	13	0	0	0	1	0	0
BCAR1	1	112	0	1	0	149	0	0
CFDP1	0	27	0	0	0	20	0	0
AC009163.4	0	27	0	4	0	14	0	0
TMEM170A	0	24	0	4	0	11	0	0
CHST6	0	47	0	3	0	90	0	0
AC009163.2	0	55	0	13	0	42	0	0
CHST5	0	45	0	11	0	31	0	0
TMEM231	0	30	0	4	0	26	0	0
GABARAPL2	0	8	0	2	0	3	0	0
ADAT1	0	28	0	4	0	62	0	0
KARS	0	39	0	1	0	71	0	0
TERF2IP	0	15	0	1	0	31	0	0
AC025287.4	0	0	0	0	0	0	0	0
DUXB	0	0	0	0	0	0	0	0
CPHXL	0	0	0	0	0	0	0	0
CNTNAP4	0	97	0	3	1	121	0	0
AC104151.1	0	13	0	0	0	10	0	0
MON1B	0	52	0	0	0	59	0	0
SYCE1L	0	13	0	4	0	10	0	0
ADAMTS18	0	154	0	17	0	149	0	0
NUDT7	0	13	0	5	0	27	0	0
VAT1L	0	23	0	3	0	29	0	0
CLEC3A	0	8	0	2	0	35	0	0
WWOX	0	51	0	24	0	39	0	0
MAF	0	43	0	0	0	25	0	0
DYNLRB2	0	0	0	0	0	19	0	0
CDYL2	0	2	0	0	0	5	0	0
CMC2	0	10	0	2	0	6	0	0
CENPN	0	10	0	8	0	6	0	0
AC092718.8	0	87	0	17	0	99	0	0
ATMIN	0	59	0	2	0	69	0	0
C16orf46	0	22	0	6	0	15	0	0
AC092718.3	0	26	0	8	0	29	0	0
GCSH	0	4	0	2	0	14	0	0
PKD1L2	0	0	0	1	0	0	0	0
BCO1	0	34	0	10	0	45	0	0
GAN	0	25	0	1	0	27	0	0
CMIP	0	68	0	1	0	45	0	0
PLCG2	0	134	0	6	0	151	0	0
SDR42E1	0	32	0	3	0	44	0	0
HSD17B2	0	22	0	28	0	39	0	0
MPHOSPH6	0	16	0	3	0	8	0	0
CDH13	0	70	0	5	0	115	0	0
HSBP1	0	7	0	0	0	15	0	0
MLYCD	0	92	0	1	0	77	0	0
AC009119.2	0	70	0	4	1	53	0	0
OSGIN1	0	28	0	5	0	19	0	0
NECAB2	0	48	0	8	0	60	0	0
SLC38A8	0	982	0	5	0	57	0	0
MBTPS1	0	99	0	2	1	185	0	0
HSDL1	0	23	0	1	0	39	0	0
DNAAF1	0	50	0	1	0	41	0	0
TAF1C	0	90	0	6	0	102	0	0
ADAD2	0	84	0	7	0	63	0	0
KCNG4	0	80	0	5	0	83	0	0
WFDC1	0	18	0	6	0	35	0	0
ATP2C2	0	170	0	22	1	214	0	0
TLDC1	0	81	0	24	0	92	0	0
COTL1	0	25	0	0	0	21	0	0
KLHL36	1	114	0	1	0	56	0	0
USP10	0	45	0	1	0	72	0	0
CRISPLD2	0	72	0	4	0	74	0	0
ZDHHC7	0	52	0	1	0	33	0	0
KIAA0513	0	53	0	2	0	31	0	0
FAM92B	0	37	0	5	0	45	0	0
GSE1	0	432	0	2	1	253	0	0
GINS2	0	5	0	1	0	23	0	0
C16orf74	0	9	0	0	0	18	0	0
EMC8	0	12	0	0	0	17	0	0
COX4I1	0	17	0	0	0	18	0	0
IRF8	0	52	0	0	0	33	0	0
FOXF1	1	42	0	0	0	32	0	0
MTHFSD	0	22	0	16	0	60	0	0
FOXC2	0	39	0	1	0	74	0	0
FOXL1	0	33	0	2	0	14	0	0
C16orf95	0	17	0	3	0	16	0	0
AC010531.1	0	41	0	3	0	25	0	0
FBXO31	0	45	0	0	0	28	0	0
MAP1LC3B	0	5	0	2	0	18	0	0
ZCCHC14	0	81	0	1	0	84	0	0
JPH3	1	188	0	0	1	131	0	0
KLHDC4	0	56	0	10	0	120	0	0
SLC7A5	0	67	0	0	0	42	0	0
CA5A	0	40	0	0	0	19	0	0
BANP	0	66	0	0	0	29	0	0
ZNF469	4	402	0	5	0	206	0	0
ZFPM1	1	161	0	6	1	81	0	0
ZC3H18	0	64	0	0	1	100	0	0
IL17C	0	37	0	2	0	30	0	0
CYBA	0	10	0	1	0	16	0	0
MVD	0	16	0	1	0	23	0	0
SNAI3	0	26	0	6	0	17	0	0
RNF166	0	20	0	0	0	18	0	0
CTU2	0	4	0	3	0	11	0	0
PIEZO1	6	640	0	31	7	541	0	0
CDT1	0	72	0	6	0	64	0	0
APRT	0	0	0	0	0	0	0	0
GALNS	0	64	0	2	0	64	0	0
TRAPPC2L	0	3	0	0	0	4	0	0
PABPN1L	0	0	0	0	0	0	0	0
CBFA2T3	0	89	0	1	0	536	0	0
ACSF3	0	49	0	14	0	77	0	0
CDH15	2	85	0	12	0	96	0	0
SLC22A31	0	0	0	0	0	0	0	0
ZNF778	0	94	0	48	0	40	0	0
ANKRD11	1	292	0	0	0	205	0	0
SPG7	0	57	0	13	0	69	0	0
RPL13	0	4	0	0	0	11	0	0
CPNE7	1	128	0	14	0	75	0	0
DPEP1	0	36	0	4	0	38	0	0
CHMP1A	0	26	0	1	0	31	0	0
SPATA33	0	11	0	1	0	11	0	0
CDK10	0	2	0	0	0	1	0	0
SPATA2L	0	42	0	1	0	33	0	0
VPS9D1	0	73	0	8	0	64	0	0
ZNF276	1	60	0	1	0	55	0	0
FANCA	0	79	0	15	0	77	0	0
SPIRE2	0	43	0	8	0	78	0	0
TCF25	0	59	0	2	0	41	0	0
MC1R	0	0	0	0	0	0	0	0
AC092143.1	1	96	0	0	0	7	0	0
TUBB3	1	96	0	0	0	7	0	0
DEF8	0	34	0	1	0	47	0	0
CENPBD1	0	0	0	0	0	0	0	0
DBNDD1	0	9	0	1	0	31	0	0
GAS8	0	25	0	5	0	66	0	0
PRDM7	0	2	0	0	0	3	0	0
