#Gene	syn.obs	syn.haps	lgd.obs	lgd.haps	dmis.obs	dmis.haps	lgd/dmis.obs	lgd/dmis.haps
SCGB1C2	0	0	0	0	0	0	0	0
DOC2B	0	0	0	0	0	0	0	0
RPH3AL	0	26	0	3	0	28	0	0
C17orf97	0	64	0	18	0	24	0	0
RFLNB	0	8	0	1	0	21	0	0
VPS53	0	70	0	5	0	76	0	0
FAM57A	0	25	0	1	0	25	0	0
GEMIN4	0	0	0	0	0	0	0	0
GLOD4	0	26	0	6	0	19	0	0
MRM3	0	9	0	2	0	30	0	0
NXN	0	52	0	0	0	58	0	0
TIMM22	0	8	0	2	0	3	0	0
ABR	1	141	0	16	0	35	0	0
BHLHA9	0	28	0	2	0	23	0	0
TRARG1	0	6	0	0	0	20	0	0
YWHAE	0	15	0	0	0	10	0	0
CRK	0	22	0	0	0	23	0	0
MYO1C	1	146	0	1	0	176	0	0
INPP5K	0	30	0	2	0	18	0	0
PITPNA	0	21	0	1	0	7	0	0
SLC43A2	0	78	0	2	0	49	0	0
SCARF1	0	63	0	21	0	81	0	0
RILP	0	0	0	0	0	0	0	0
PRPF8	1	153	0	2	0	69	0	0
TLCD2	0	9	0	2	0	28	0	0
WDR81	1	1221	0	2	0	118	0	0
SERPINF2	0	43	0	3	0	45	0	0
SERPINF1	0	41	0	5	0	67	0	0
SMYD4	0	49	0	19	0	58	0	0
RPA1	0	44	0	3	0	49	0	0
RTN4RL1	0	71	0	1	0	56	0	0
DPH1	0	34	0	6	0	46	0	0
OVCA2	0	0	0	0	0	0	0	0
HIC1	0	3	0	0	0	3	0	0
SMG6	0	80	0	2	2	157	0	0
SRR	0	2	0	1	0	35	0	0
TSR1	0	31	0	5	0	50	0	0
SGSM2	0	88	0	8	1	147	0	0
MNT	0	75	0	3	0	39	0	0
METTL16	0	34	0	1	0	16	0	0
PAFAH1B1	0	0	0	0	0	2	0	0
CLUH	0	130	0	5	1	150	0	0
RAP1GAP2	0	62	0	1	0	45	0	0
OR1D5	0	14	0	9	0	17	0	0
OR1D2	0	22	0	5	0	35	0	0
OR1G1	0	23	0	3	0	29	0	0
OR1A2	0	17	0	6	0	23	0	0
OR1A1	0	13	0	3	0	13	0	0
OR3A2	0	24	0	4	0	942	0	0
OR3A1	0	10	0	1	0	908	0	0
AC087498.1	0	0	0	0	0	0	0	0
OR1E1	0	21	0	7	0	21	0	0
OR3A3	0	16	0	3	0	13	0	0
OR1E2	0	10	0	11	0	22	0	0
SPATA22	0	22	0	2	0	44	0	0
ASPA	0	10	0	1	0	29	0	0
TRPV3	0	77	0	15	0	67	0	0
TRPV1	1	56	0	6	0	65	0	0
AC027796.3	0	77	0	28	0	94	0	0
SHPK	0	43	0	25	0	65	0	0
CTNS	0	24	0	5	0	50	0	0
TAX1BP3	0	0	0	0	0	0	0	0
P2RX5-TAX1BP3	0	40	0	7	0	42	0	0
EMC6	0	0	0	0	0	0	0	0
P2RX5	0	40	0	7	0	42	0	0
ITGAE	0	88	0	10	0	71	0	0
HASPIN	0	0	0	0	0	0	0	0
NCBP3	0	50	0	0	0	59	0	0
CAMKK1	0	57	0	0	0	41	0	0
P2RX1	0	50	0	2	0	22	0	0
ATP2A3	0	87	0	1	0	94	0	0
ZZEF1	0	172	0	5	2	282	0	0
CYB5D2	0	109	0	5	0	77	0	0
ANKFY1	1	92	0	3	0	94	0	0
UBE2G1	0	4	0	0	0	5	0	0
SPNS3	0	47	0	2	0	48	0	0
SPNS2	0	70	0	0	0	78	0	0
MYBBP1A	0	178	0	12	1	197	0	0
GGT6	0	0	0	0	0	0	0	0
SMTNL2	0	24	0	0	0	28	0	0
ALOX15	0	64	0	9	0	73	0	0
PELP1	0	108	0	2	0	118	0	0
ARRB2	0	30	0	4	0	26	0	0
MED11	0	6	0	4	0	11	0	0
CXCL16	0	0	0	0	0	0	0	0
ZMYND15	0	40	0	12	0	51	0	0
TM4SF5	0	5	0	3	0	12	0	0
VMO1	0	0	0	0	0	0	0	0
GLTPD2	0	0	0	0	0	0	0	0
PSMB6	0	28	0	0	0	19	0	0
AC233723.1	0	0	0	0	0	0	0	0
PLD2	0	967	0	13	0	118	0	0
MINK1	0	46	0	0	0	44	0	0
CHRNE	0	60	0	12	1	120	0	0
C17orf107	0	21	0	7	0	84	0	0
GP1BA	0	0	0	0	0	0	0	0
SLC25A11	0	16	0	0	0	19	0	0
RNF167	0	0	0	0	0	0	0	0
PFN1	0	10	0	0	0	12	0	0
ENO3	0	1	0	0	0	10	0	0
SPAG7	0	26	0	1	0	24	0	0
CAMTA2	0	49	0	2	0	77	0	0
INCA1	0	0	0	0	0	0	0	0
KIF1C	0	101	0	0	0	110	0	0
SLC52A1	0	20	0	3	0	30	0	0
ZFP3	0	24	0	1	0	24	0	0
ZNF232	0	11	0	5	0	34	0	0
USP6	0	95	0	34	0	91	0	0
ZNF594	0	66	0	32	0	44	0	0
SCIMP	0	4	0	1	0	2	0	0
RABEP1	0	22	0	0	0	30	0	0
NUP88	0	41	0	10	0	85	0	0
RPAIN	0	0	0	0	0	2	0	0
C1QBP	0	15	0	2	0	23	0	0
DHX33	0	30	0	3	0	64	0	0
DERL2	0	6	0	0	0	12	0	0
MIS12	0	0	0	0	0	0	0	0
NLRP1	0	160	0	8	0	38	0	0
AC007846.2	0	4	0	1	0	14	0	0
WSCD1	0	65	0	1	1	92	0	0
AIPL1	0	41	0	7	0	28	0	0
PIMREG	0	15	0	1	0	28	0	0
PITPNM3	0	96	0	0	0	70	0	0
KIAA0753	0	36	0	25	0	89	0	0
TXNDC17	0	6	0	0	0	0	0	0
MED31	0	12	0	4	0	10	0	0
C17orf100	0	9	0	0	0	12	0	0
SLC13A5	0	45	0	0	0	32	0	0
XAF1	0	16	0	3	0	4	0	0
FBXO39	0	8	0	3	0	54	0	0
TEKT1	0	14	0	3	0	32	0	0
ALOX12	0	26	0	3	0	50	0	0
RNASEK	0	0	0	0	0	0	0	0
RNASEK-C17orf49	0	0	0	0	0	0	0	0
C17orf49	0	0	0	0	0	0	0	0
BCL6B	0	32	0	3	0	47	0	0
SLC16A13	0	0	0	2	0	1	0	0
SLC16A11	0	47	0	10	0	52	0	0
CLEC10A	0	18	0	4	0	26	0	0
ASGR2	0	24	0	3	0	11	0	0
ASGR1	0	15	0	4	0	21	0	0
DLG4	0	43	0	0	0	50	0	0
ACADVL	0	0	0	0	0	2	0	0
DVL2	0	60	0	1	0	89	0	0
PHF23	0	0	0	0	0	0	0	0
GABARAP	0	4	0	0	0	4	0	0
AC120057.2	0	4	0	0	0	4	0	0
CTDNEP1	0	4	0	0	0	3	0	0
AC003688.1	0	8	0	2	0	10	0	0
ELP5	0	4	0	2	0	7	0	0
CLDN7	0	0	0	0	0	0	0	0
SLC2A4	0	1	0	0	0	0	0	0
YBX2	0	26	0	0	0	31	0	0
EIF5A	0	1	0	2	0	1	0	0
GPS2	0	0	0	0	0	0	0	0
AC026954.2	0	23	0	1	0	24	0	0
NEURL4	0	76	0	1	0	91	0	0
ACAP1	0	49	0	4	0	41	0	0
KCTD11	0	0	0	0	0	0	0	0
TMEM95	0	0	0	0	0	0	0	0
TNK1	0	57	0	4	0	35	0	0
PLSCR3	0	29	0	0	0	23	0	0
TMEM256-PLSCR3	0	43	0	5	0	26	0	0
TMEM256	0	14	0	5	0	3	0	0
NLGN2	0	94	0	0	0	58	0	0
SPEM1	0	0	0	0	0	0	0	0
SPEM2	0	39	0	0	0	14	0	0
SPEM3	0	0	0	0	0	0	0	0
TMEM102	0	0	0	0	0	0	0	0
FGF11	0	11	0	2	0	28	0	0
CHRNB1	0	8	0	1	0	17	0	0
ZBTB4	0	61	0	0	0	63	0	0
SLC35G6	0	0	0	0	0	0	0	0
POLR2A	0	42	0	1	0	25	0	0
TNFSF12	0	24	0	8	0	42	0	0
TNFSF12-TNFSF13	0	24	0	8	0	42	0	0
TNFSF13	0	0	0	0	0	0	0	0
SENP3	0	1	0	0	0	0	0	0
SENP3-EIF4A1	0	1	0	0	0	3	0	0
EIF4A1	0	0	0	0	0	3	0	0
CD68	0	46	0	1	0	20	0	0
MPDU1	0	6	0	1	0	9	0	0
SOX15	0	6	0	1	0	9	0	0
FXR2	0	17	0	0	0	2	0	0
SHBG	0	18	0	15	0	12	0	0
SAT2	0	13	0	1	0	9	0	0
ATP1B2	0	13	0	0	0	44	0	0
TP53	0	22	0	0	0	17	0	0
WRAP53	0	0	0	0	0	0	0	0
EFNB3	0	27	0	0	0	27	0	0
DNAH2	1	244	0	33	2	521	0	0
KDM6B	1	1020	0	501	1	177	0	0
TMEM88	0	0	0	0	0	0	0	0
NAA38	0	0	0	0	0	0	0	0
CYB5D1	0	0	0	0	0	0	0	0
CHD3	0	81	0	3	0	110	0	0
RNF227	0	0	0	0	0	0	0	0
KCNAB3	0	13	0	4	0	20	0	0
AC104581.2	0	1	0	0	0	0	0	0
TRAPPC1	0	15	0	5	0	7	0	0
CNTROB	0	37	0	7	0	48	0	0
GUCY2D	0	116	0	7	2	89	0	0
ALOX15B	0	44	0	19	0	38	0	0
ALOX12B	0	49	0	2	0	68	0	0
ALOXE3	0	56	0	8	0	69	0	0
HES7	0	27	0	2	0	22	0	0
PER1	1	143	0	4	0	160	0	0
AC129492.3	0	9	0	0	0	10	0	0
VAMP2	0	9	0	0	0	10	0	0
TMEM107	0	13	0	1	0	0	0	0
BORCS6	0	5	0	1	0	31	0	0
AURKB	0	13	0	12	0	36	0	0
CTC1	0	74	0	19	1	72	0	0
PFAS	0	129	0	0	1	156	0	0
SLC25A35	0	7	0	2	0	16	0	0
RANGRF	0	7	0	2	0	16	0	0
ARHGEF15	0	36	0	2	1	92	0	0
ODF4	0	26	0	3	0	6	0	0
KRBA2	0	43	0	7	0	26	0	0
AC135178.2	0	46	0	7	0	28	0	0
RPL26	0	3	0	0	0	2	0	0
RNF222	0	10	0	3	0	38	0	0
NDEL1	1	45	0	0	0	71	0	0
MYH10	0	111	0	0	0	105	0	0
CCDC42	0	29	0	6	0	20	0	0
SPDYE4	0	17	0	3	0	10	0	0
MFSD6L	0	42	0	14	0	51	0	0
PIK3R6	0	4	0	2	0	5	0	0
PIK3R5	0	8	0	1	0	13	0	0
NTN1	0	39	0	0	0	64	0	0
STX8	0	6	0	2	0	14	0	0
CFAP52	0	34	0	6	0	38	0	0
USP43	0	77	0	2	0	53	0	0
DHRS7C	0	11	0	7	0	18	0	0
GSG1L2	0	0	0	0	0	0	0	0
GLP2R	0	43	0	3	0	30	0	0
RCVRN	0	4	0	3	0	19	0	0
GAS7	0	46	0	0	0	30	0	0
MYH13	0	123	0	31	0	244	0	0
MYH8	0	0	0	0	0	0	0	0
MYH4	0	72	0	32	2	203	0	0
MYH1	1	126	0	38	0	248	0	0
MYH2	0	124	0	7	1	155	0	0
MYH3	0	88	0	3	0	107	0	0
SCO1	0	20	0	8	0	28	0	0
ADPRM	0	9	0	1	0	6	0	0
TMEM220	0	23	0	2	0	17	0	0
TMEM238L	0	0	0	0	0	0	0	0
PIRT	0	10	0	0	0	22	0	0
SHISA6	0	31	0	0	0	51	0	0
DNAH9	0	235	0	41	4	470	0	0
ZNF18	0	17	0	2	0	24	0	0
MAP2K4	0	19	0	0	0	11	0	0
MYOCD	0	69	0	4	1	83	0	0
ARHGAP44	0	69	0	1	0	44	0	0
ELAC2	0	38	0	4	0	27	0	0
HS3ST3A1	0	31	0	0	0	42	0	0
COX10	0	19	0	1	0	34	0	0
CDRT15	0	18	0	0	0	7	0	0
HS3ST3B1	0	39	0	1	1	40	0	0
PMP22	0	9	0	0	0	10	0	0
TEKT3	0	23	0	16	0	53	0	0
CDRT4	0	4	0	17	0	13	0	0
TVP23C-CDRT4	0	9	0	18	0	26	0	0
TVP23C	0	9	0	18	0	26	0	0
CDRT1	0	54	0	8	0	46	0	0
AC005324.3	0	85	0	13	1	95	0	0
TRIM16	0	32	0	6	1	49	0	0
ZNF286A	0	11	0	0	0	3	0	0
AC005324.4	0	11	0	0	0	3	0	0
TBC1D26	0	0	0	0	0	0	0	0
ADORA2B	1	20	0	5	0	37	0	0
ZSWIM7	0	1	0	3	0	8	0	0
TTC19	0	27	0	4	0	39	0	0
NCOR1	0	123	0	2	0	135	0	0
PIGL	0	19	0	6	0	20	0	0
CENPV	0	16	0	0	0	5	0	0
UBB	0	23	0	2	0	1	0	0
TRPV2	0	1030	0	7	0	42	0	0
LRRC75A	0	11	0	0	0	9	0	0
ZNF287	0	32	0	0	0	26	0	0
ZNF624	0	35	0	3	0	32	0	0
CCDC144A	0	10	0	6	0	5	0	0
AC098850.3	0	10	0	6	0	5	0	0
TNFRSF13B	0	15	0	11	0	32	0	0
MPRIP	0	249	0	7	1	167	0	0
PLD6	0	22	0	5	0	26	0	0
AC055811.2	0	74	0	6	0	105	0	0
FLCN	0	52	0	1	0	79	0	0
COPS3	0	16	0	0	0	18	0	0
NT5M	0	11	0	6	0	37	0	0
MED9	0	4	0	0	0	4	0	0
RASD1	0	11	0	3	0	17	0	0
PEMT	0	14	0	1	0	21	0	0
RAI1	2	152	0	0	0	149	0	0
SREBF1	0	79	0	3	0	81	0	0
TOM1L2	0	59	0	1	0	59	0	0
DRC3	0	37	0	1	0	48	0	0
ATPAF2	0	45	0	1	0	52	0	0
GID4	0	22	0	1	0	25	0	0
DRG2	0	19	0	3	0	22	0	0
MYO15A	0	230	0	33	1	365	0	0
ALKBH5	0	18	0	1	0	16	0	0
LLGL1	0	116	0	1	0	110	0	0
FLII	0	56	0	0	0	51	0	0
MIEF2	0	26	0	1	0	47	0	0
TOP3A	0	82	0	3	0	79	0	0
SMCR8	0	13	0	0	0	17	0	0
SHMT1	0	29	0	3	0	28	0	0
EVPLL	0	14	0	3	0	50	0	0
LGALS9C	2	30	0	11	1	15	0	0
TBC1D28	0	7	0	11	0	12	0	0
ZNF286B	0	2	0	2	0	0	0	0
TRIM16L	0	10	0	17	0	16	0	0
FBXW10	0	34	0	42	1	84	0	0
TVP23B	0	9	0	0	0	16	0	0
PRPSAP2	0	8	0	1	0	9	0	0
SLC5A10	0	43	0	10	0	43	0	0
FAM83G	0	10	0	6	0	20	0	0
GRAP	0	9	0	1	0	13	0	0
GRAPL	0	0	0	0	0	0	0	0
EPN2	0	33	0	1	0	57	0	0
B9D1	0	16	0	1	0	31	0	0
MAPK7	0	0	0	0	0	0	0	0
MFAP4	0	22	0	0	0	9	0	0
RNF112	0	26	0	0	0	30	0	0
SLC47A1	0	59	0	3	0	45	0	0
ALDH3A2	0	34	0	5	0	22	0	0
SLC47A2	0	17	0	2	0	14	0	0
ALDH3A1	0	41	0	11	0	35	0	0
ULK2	0	60	0	5	0	113	0	0
AKAP10	0	29	0	2	0	35	0	0
SPECC1	0	61	0	5	1	110	0	0
LGALS9B	0	28	0	7	0	20	0	0
CDRT15L2	0	25	0	8	0	1	0	0
CCDC144NL	0	0	0	2	0	0	0	0
USP22	0	40	0	4	0	14	0	0
DHRS7B	0	2	0	1	0	0	0	0
TMEM11	0	46	0	0	0	17	0	0
NATD1	0	2	0	0	0	10	0	0
MAP2K3	0	29	0	1	0	47	0	0
KCNJ12	0	57	0	1	0	61	0	0
C17orf51	0	6	0	9	0	13	0	0
KCNJ18	0	0	0	0	0	0	0	0
MTRNR2L1	0	0	0	0	0	0	0	0
WSB1	0	16	0	0	0	65	0	0
KSR1	1	64	0	0	0	58	0	0
AC015688.4	0	2	0	1	0	6	0	0
LGALS9	0	33	0	7	0	22	0	0
NOS2	0	75	0	7	0	93	0	0
AC005697.1	0	3	0	3	0	6	0	0
LYRM9	0	3	0	3	0	6	0	0
NLK	0	31	0	1	0	49	0	0
TMEM97	0	5	0	10	0	11	0	0
IFT20	0	0	0	0	0	0	0	0
TNFAIP1	0	15	0	3	0	28	0	0
POLDIP2	0	0	0	0	0	0	0	0
TMEM199	0	20	0	0	0	34	0	0
SEBOX	0	0	0	0	0	0	0	0
AC002094.3	0	9	0	0	0	16	0	0
SARM1	0	39	0	24	0	33	0	0
VTN	0	39	0	20	0	33	0	0
SLC46A1	0	0	0	0	0	0	0	0
AC005726.1	0	217	0	31	1	283	0	0
SLC13A2	0	57	0	8	0	46	0	0
FOXN1	0	59	0	1	0	68	0	0
UNC119	0	14	0	2	0	25	0	0
PIGS	0	0	0	1	0	0	0	0
ALDOC	0	30	0	2	1	60	0	0
SPAG5	0	40	0	5	0	60	0	0
SGK494	0	21	0	12	0	34	0	0
KIAA0100	0	84	0	11	0	127	0	0
SDF2	0	6	0	0	0	23	0	0
SUPT6H	0	75	0	0	0	84	0	0
PROCA1	0	31	0	9	0	27	0	0
RAB34	0	1	0	1	0	4	0	0
RPL23A	0	0	0	0	0	0	0	0
TLCD1	0	0	0	0	0	0	0	0
NEK8	0	25	0	2	0	51	0	0
TRAF4	0	17	0	1	0	29	0	0
FAM222B	0	58	0	1	0	46	0	0
ERAL1	0	15	0	1	0	17	0	0
FLOT2	0	30	0	1	0	59	0	0
DHRS13	0	8	0	3	0	10	0	0
PHF12	0	41	0	1	0	73	0	0
PIPOX	0	61	0	8	0	121	0	0
SEZ6	0	43	0	3	0	80	0	0
MYO18A	0	135	0	2	0	204	0	0
TIAF1	0	12	0	2	0	2	0	0
CRYBA1	0	18	0	1	0	16	0	0
NUFIP2	0	46	0	1	0	48	0	0
TAOK1	0	33	0	0	0	42	0	0
ABHD15	0	18	0	8	0	41	0	0
TP53I13	0	0	0	0	0	0	0	0
GIT1	0	92	0	0	0	39	0	0
ANKRD13B	0	36	0	0	0	19	0	0
CORO6	0	10	0	4	0	37	0	0
SSH2	0	84	0	4	1	94	0	0
EFCAB5	0	85	0	15	0	59	0	0
NSRP1	0	22	0	11	0	36	0	0
SLC6A4	0	59	0	2	0	42	0	0
BLMH	0	4	0	2	0	20	0	0
TMIGD1	0	10	0	3	0	17	0	0
CPD	0	80	0	0	0	108	0	0
GOSR1	0	7	0	1	0	27	0	0
TBC1D29	0	0	0	0	0	0	0	0
CRLF3	0	16	0	2	0	26	0	0
ATAD5	0	69	0	1	2	91	0	0
TEFM	0	6	0	2	0	10	0	0
ADAP2	0	17	0	3	0	23	0	0
RNF135	0	10	0	3	0	10	0	0
NF1	0	122	0	6	2	195	0	0
OMG	0	15	0	1	0	32	0	0
EVI2B	0	11	0	0	0	34	0	0
AC134669.1	0	11	0	2	0	15	0	0
EVI2A	0	7	0	2	0	16	0	0
RAB11FIP4	0	67	0	0	0	52	0	0
COPRS	0	4	0	3	0	4	0	0
UTP6	0	18	0	6	0	56	0	0
SUZ12	0	26	0	3	0	42	0	0
LRRC37B	0	61	0	5	0	19	0	0
RHOT1	0	15	0	5	0	26	0	0
RHBDL3	0	34	0	3	0	37	0	0
C17orf75	0	13	0	1	0	17	0	0
ZNF207	0	27	0	0	0	45	0	0
PSMD11	0	23	0	0	0	19	0	0
CDK5R1	0	7	0	0	0	2	0	0
MYO1D	0	53	0	6	0	84	0	0
TMEM98	0	16	0	1	0	17	0	0
SPACA3	0	26	0	0	0	18	0	0
ASIC2	0	53	0	2	0	33	0	0
CCL2	0	1	0	0	0	1	0	0
CCL7	0	4	0	0	0	7	0	0
CCL11	0	3	0	0	0	17	0	0
CCL8	0	10	0	13	0	2	0	0
CCL13	0	0	0	0	0	0	0	0
CCL1	0	8	0	1	0	4	0	0
TMEM132E	0	82	0	4	1	114	0	0
CCT6B	0	21	0	6	0	28	0	0
ZNF830	0	0	0	0	0	0	0	0
LIG3	0	41	0	8	1	62	0	0
RFFL	0	11	0	2	0	22	0	0
RAD51L3-RFFL	0	18	0	6	0	36	0	0
RAD51D	0	7	0	4	0	14	0	0
FNDC8	0	967	0	7	0	35	0	0
NLE1	0	49	0	4	0	51	0	0
UNC45B	0	86	0	3	0	93	0	0
SLC35G3	0	0	0	0	0	0	0	0
SLFN5	0	38	0	9	0	26	0	0
SLFN11	0	62	0	12	1	33	0	0
SLFN12	0	44	0	10	0	9	0	0
SLFN13	0	74	0	10	0	65	0	0
SLFN12L	0	16	0	20	0	10	0	0
SLFN14	0	43	0	6	0	36	0	0
PEX12	0	13	0	11	0	28	0	0
AP2B1	0	18	0	0	0	19	0	0
TAF15	0	13	0	4	0	22	0	0
RASL10B	0	7	0	1	0	21	0	0
GAS2L2	0	0	0	0	0	0	0	0
MMP28	0	0	0	0	0	0	0	0
C17orf50	0	0	0	0	0	0	0	0
HEATR9	0	8	0	3	0	5	0	0
CCL5	0	6	0	1	0	4	0	0
RDM1	0	4	0	3	0	4	0	0
LYZL6	0	24	0	2	0	8	0	0
CCL16	0	3	0	0	0	1	0	0
CCL14	0	0	0	1	0	0	0	0
CCL15-CCL14	0	3	0	2	0	16	0	0
CCL15	0	3	0	1	0	16	0	0
CCL23	0	6	0	0	0	0	0	0
CCL18	0	0	0	0	0	0	0	0
CCL3	0	12	0	0	0	5	0	0
CCL4	0	0	0	0	0	0	0	0
TBC1D3B	0	10	0	3	0	2	0	0
CCL3L1	0	0	0	0	0	0	0	0
CCL4L2	0	1	0	3	0	1	0	0
TBC1D3I	0	0	0	0	0	0	0	0
TBC1D3G	0	0	0	0	0	0	0	0
TBC1D3H	0	0	0	0	0	0	0	0
TBC1D3F	0	5	0	15	0	2	0	0
ZNHIT3	0	15	0	2	0	2	0	0
MYO19	0	51	0	12	0	45	0	0
PIGW	0	0	0	0	0	0	0	0
GGNBP2	0	8	0	0	0	17	0	0
DHRS11	0	0	0	0	0	0	0	0
MRM1	0	11	0	2	0	11	0	0
LHX1	0	39	0	0	0	25	0	0
AATF	0	10	0	3	0	21	0	0
ACACA	0	80	0	3	0	94	0	0
C17orf78	0	9	0	2	0	2	0	0
TADA2A	0	6	0	1	0	25	0	0
DUSP14	0	0	0	0	0	0	0	0
SYNRG	0	38	0	2	0	66	0	0
DDX52	0	3	0	13	0	4	0	0
HNF1B	0	21	0	0	0	45	0	0
TBC1D3K	0	0	0	0	0	0	0	0
TBC1D3L	1	13	0	1	0	0	0	0
TBC1D3D	0	0	0	0	0	0	0	0
TBC1D3C	0	0	0	0	0	0	0	0
TBC1D3E	0	0	0	0	0	0	0	0
TBC1D3	0	0	0	0	0	0	0	0
MRPL45	0	8	0	4	0	42	0	0
GPR179	0	207	0	13	0	57	0	0
SOCS7	0	38	0	0	1	45	0	0
ARHGAP23	0	706	0	2	0	22	0	0
SRCIN1	0	4	0	0	0	17	0	0
EPOP	0	13	0	0	0	28	0	0
MLLT6	0	0	0	0	0	0	0	0
CISD3	0	0	0	0	0	0	0	0
PCGF2	0	3	0	0	0	2	0	0
PSMB3	0	8	0	0	0	7	0	0
PIP4K2B	0	0	0	0	0	1	0	0
CWC25	0	29	0	2	0	10	0	0
C17orf98	0	18	0	1	0	16	0	0
RPL23	0	0	0	0	0	10	0	0
LASP1	0	25	0	0	0	13	0	0
LINC00672	0	0	0	0	0	0	0	0
FBXO47	0	25	0	1	0	31	0	0
PLXDC1	0	29	0	4	0	38	0	0
ARL5C	0	13	0	2	0	18	0	0
CACNB1	0	24	0	0	0	38	0	0
RPL19	0	18	0	2	0	10	0	0
STAC2	0	30	0	3	0	51	0	0
FBXL20	0	10	0	0	0	15	0	0
MED1	0	41	0	0	0	77	0	0
CDK12	0	62	0	4	1	119	0	0
NEUROD2	0	18	0	0	0	14	0	0
PPP1R1B	0	5	0	0	0	8	0	0
STARD3	0	11	0	0	0	22	0	0
TCAP	0	0	0	0	0	0	0	0
PNMT	0	6	0	4	0	46	0	0
PGAP3	0	8	0	1	0	38	0	0
ERBB2	0	107	0	1	0	113	0	0
MIEN1	0	0	0	0	0	0	0	0
GRB7	0	36	0	2	0	88	0	0
IKZF3	0	10	0	0	0	7	0	0
ZPBP2	0	27	0	3	1	24	0	0
GSDMB	0	13	0	3	0	8	0	0
ORMDL3	0	11	0	0	0	5	0	0
LRRC3C	0	18	0	3	0	70	0	0
GSDMA	0	26	0	8	0	26	0	0
PSMD3	0	36	0	0	0	35	0	0
CSF3	0	14	0	2	0	11	0	0
MED24	0	41	0	5	0	39	0	0
THRA	0	7	0	2	0	26	0	0
NR1D1	0	57	0	1	0	57	0	0
MSL1	0	42	0	0	0	30	0	0
CASC3	0	30	0	3	0	43	0	0
RAPGEFL1	0	25	0	1	0	24	0	0
WIPF2	0	31	0	0	0	51	0	0
CDC6	0	27	0	4	0	14	0	0
RARA	0	55	0	0	0	36	0	0
GJD3	0	23	0	3	0	19	0	0
TOP2A	0	46	0	4	0	79	0	0
IGFBP4	0	30	0	0	0	28	0	0
TNS4	1	86	0	6	0	39	0	0
CCR7	0	34	0	1	0	34	0	0
SMARCE1	0	34	0	0	0	5	0	0
AC073508.2	0	39	0	0	0	16	0	0
KRT222	0	5	0	0	0	11	0	0
KRT24	0	52	0	15	0	41	0	0
KRT25	0	41	0	10	0	50	0	0
KRT26	0	6	0	3	0	33	0	0
KRT27	0	21	0	5	0	24	0	0
KRT28	0	33	0	4	0	66	0	0
KRT10	0	1212	0	1	0	36	0	0
TMEM99	0	27	0	0	0	29	0	0
KRT12	0	29	0	2	0	31	0	0
KRT20	0	16	0	1	0	26	0	0
KRT23	0	41	0	1	0	40	0	0
KRT39	0	52	0	8	0	41	0	0
KRT40	0	30	0	0	0	35	0	0
KRTAP3-3	0	15	0	3	0	14	0	0
KRTAP3-2	0	21	0	4	0	17	0	0
KRTAP3-1	0	1	0	1	0	10	0	0
KRTAP1-5	0	7	0	0	0	26	0	0
KRTAP1-4	0	0	0	0	0	0	0	0
KRTAP1-3	0	11	0	0	0	863	0	0
KRTAP1-1	0	41	0	2	0	29	0	0
KRTAP2-1	0	2	0	3	0	14	0	0
KRTAP2-2	0	0	0	0	0	0	0	0
KRTAP2-3	0	14	0	563	0	20	0	0
KRTAP2-4	0	10	0	3	0	36	0	0
KRTAP4-7	0	27	0	5	0	21	0	0
KRTAP4-8	0	20	0	1	0	30	0	0
KRTAP4-16	0	0	0	0	0	0	0	0
KRTAP4-9	0	18	0	0	0	27	0	0
KRTAP4-11	0	18	0	0	0	19	0	0
KRTAP4-12	0	25	0	0	0	26	0	0
KRTAP4-6	0	11	0	0	0	17	0	0
KRTAP4-5	0	3	0	23	0	10	0	0
KRTAP4-4	0	7	0	1	0	25	0	0
KRTAP4-3	0	15	0	0	0	11	0	0
KRTAP4-2	0	5	0	1	0	3	0	0
KRTAP4-1	0	179	0	0	0	9	0	0
KRTAP9-1	0	18	0	1	0	0	0	0
KRTAP9-2	0	175	0	4	0	9	0	0
KRTAP9-3	0	16	0	0	0	3	0	0
KRTAP9-8	0	29	0	1	0	2	0	0
KRTAP9-4	0	5	0	2	0	2	0	0
KRTAP9-9	0	7	0	0	0	15	0	0
KRTAP9-6	1	7	1	3	0	1	0	0
KRTAP9-7	0	18	0	1	0	5	0	0
KRTAP29-1	0	21	0	17	0	6	0	0
KRTAP16-1	0	45	0	4	0	42	0	0
KRTAP17-1	0	12	0	0	0	2	0	0
KRT33A	0	51	0	7	0	78	0	0
KRT33B	0	40	0	8	0	34	0	0
KRT34	0	69	0	0	0	45	0	0
KRT31	0	51	0	1	0	32	0	0
KRT37	0	72	0	1	0	44	0	0
KRT38	0	66	0	14	0	22	0	0
KRT32	0	44	0	2	0	58	0	0
KRT35	0	52	0	1	0	66	0	0
KRT36	0	46	0	14	0	73	0	0
KRT13	0	53	0	1	0	96	0	0
KRT15	0	33	0	7	0	72	0	0
KRT19	0	12	0	0	0	32	0	0
KRT9	0	58	0	9	0	38	0	0
KRT14	0	56	0	4	0	59	0	0
KRT16	0	52	0	5	0	35	0	0
KRT17	0	58	0	8	0	76	0	0
EIF1	0	0	0	0	0	0	0	0
GAST	0	4	0	0	0	4	0	0
HAP1	0	61	0	10	0	24	0	0
JUP	0	89	0	12	0	93	0	0
P3H4	0	12	0	0	0	6	0	0
FKBP10	0	51	0	7	0	73	0	0
NT5C3B	0	0	0	0	0	0	0	0
KLHL10	0	22	0	2	0	26	0	0
KLHL11	0	76	0	1	0	39	0	0
ACLY	0	28	0	1	0	60	0	0
TTC25	0	12	0	6	0	32	0	0
CNP	0	4	0	0	0	0	0	0
DNAJC7	0	14	0	1	0	29	0	0
NKIRAS2	0	16	0	1	0	17	0	0
ZNF385C	0	22	0	0	0	8	0	0
C17orf113	0	0	0	0	0	0	0	0
DHX58	0	22	0	7	0	27	0	0
KAT2A	0	66	0	2	0	74	0	0
AC099811.2	0	45	0	2	0	29	0	0
HSPB9	0	0	0	0	0	0	0	0
RAB5C	0	16	0	1	0	3	0	0
KCNH4	0	94	0	3	0	82	0	0
HCRT	0	0	0	0	0	0	0	0
GHDC	1	28	0	7	0	38	0	0
STAT5B	0	41	0	1	0	31	0	0
STAT5A	0	41	0	1	0	51	0	0
STAT3	0	37	0	1	0	26	0	0
CAVIN1	0	20	0	1	0	45	0	0
ATP6V0A1	0	30	0	0	0	54	0	0
NAGLU	0	101	0	10	0	59	0	0
HSD17B1	0	40	0	3	0	34	0	0
COASY	0	0	0	0	0	0	0	0
MLX	0	9	0	2	0	27	0	0
PSMC3IP	0	0	0	0	0	0	0	0
RETREG3	0	14	0	1	0	13	0	0
TUBG1	0	34	0	0	0	8	0	0
TUBG2	0	54	0	7	0	41	0	0
PLEKHH3	0	23	0	0	0	23	0	0
CCR10	0	3	0	1	0	2	0	0
CNTNAP1	0	120	0	5	1	137	0	0
EZH1	0	23	0	0	0	25	0	0
RAMP2	0	12	0	1	0	3	0	0
VPS25	0	5	0	1	0	3	0	0
WNK4	0	74	0	11	0	115	0	0
COA3	0	10	0	0	0	17	0	0
CNTD1	0	0	0	0	0	0	0	0
BECN1	0	17	0	1	0	15	0	0
PSME3	0	5	0	0	0	7	0	0
AOC2	0	100	0	19	0	91	0	0
AOC3	0	17	0	1	0	6	0	0
G6PC	0	41	0	9	0	43	0	0
AARSD1	0	17	0	5	0	44	0	0
PTGES3L-AARSD1	0	25	0	9	0	61	0	0
PTGES3L	0	8	0	4	0	17	0	0
RUNDC1	0	20	0	2	0	60	0	0
RPL27	0	6	0	0	0	6	0	0
IFI35	0	0	0	0	0	0	0	0
VAT1	0	10	0	1	0	14	0	0
RND2	0	0	0	0	0	0	0	0
BRCA1	0	24	0	6	0	30	0	0
NBR1	0	71	0	2	0	75	0	0
TMEM106A	0	0	0	0	0	0	0	0
CCDC200	0	0	0	0	0	0	0	0
ARL4D	0	17	0	2	0	14	0	0
DHX8	0	82	0	8	0	83	0	0
ETV4	0	9	0	4	0	29	0	0
MEOX1	0	37	0	3	0	29	0	0
SOST	0	19	0	1	0	18	0	0
DUSP3	0	11	0	1	0	8	0	0
CFAP97D1	0	0	0	0	0	0	0	0
MPP3	0	44	0	0	0	38	0	0
CD300LG	0	8	0	1	0	13	0	0
MPP2	0	58	0	3	0	42	0	0
PPY	0	6	0	1	0	17	0	0
PYY	0	9	0	1	0	4	0	0
NAGS	0	20	0	0	0	22	0	0
TMEM101	0	16	0	2	0	23	0	0
LSM12	0	20	0	0	0	13	0	0
G6PC3	0	1	0	2	0	2	0	0
HDAC5	0	106	0	2	0	80	0	0
C17orf53	0	52	0	5	0	22	0	0
ASB16	0	92	0	6	0	58	0	0
TMUB2	0	25	0	0	0	20	0	0
ATXN7L3	0	17	0	0	0	6	0	0
UBTF	0	70	0	0	0	16	0	0
SLC4A1	0	66	0	1	0	60	0	0
RUNDC3A	0	8	0	2	0	13	0	0
SLC25A39	0	51	0	3	0	38	0	0
GRN	0	46	0	1	0	43	0	0
FAM171A2	0	7	0	0	0	7	0	0
ITGA2B	0	58	0	5	0	67	0	0
GPATCH8	0	1	0	0	0	1	0	0
FZD2	0	28	0	0	0	46	0	0
MEIOC	0	35	0	4	1	104	0	0
CCDC43	0	6	0	3	0	29	0	0
DBF4B	0	31	0	5	0	21	0	0
ADAM11	0	57	0	0	0	49	0	0
GJC1	0	33	0	0	0	36	0	0
HIGD1B	0	9	0	1	0	16	0	0
EFTUD2	0	37	0	0	0	35	0	0
CCDC103	0	0	0	0	0	0	0	0
FAM187A	0	0	0	0	0	0	0	0
GFAP	0	41	0	4	0	47	0	0
KIF18B	0	3	0	1	0	3	0	0
C1QL1	1	26	0	0	0	17	0	0
DCAKD	0	11	0	0	0	34	0	0
NMT1	0	29	0	0	0	29	0	0
PLCD3	0	11	0	0	0	13	0	0
ACBD4	0	17	0	3	0	18	0	0
HEXIM1	0	14	0	0	0	36	0	0
HEXIM2	0	22	0	2	0	26	0	0
FMNL1	0	36	0	686	0	48	0	0
SPATA32	0	24	0	1	0	8	0	0
MAP3K14	0	44	0	0	0	23	0	0
ARHGAP27	0	36	0	4	0	62	0	0
PLEKHM1	0	88	0	2	0	94	0	0
LINC02210-CRHR1	0	23	0	1	0	25	0	0
CRHR1	0	23	0	1	0	25	0	0
SPPL2C	0	40	0	0	0	68	0	0
MAPT	0	57	0	7	0	51	0	0
STH	0	0	0	0	0	0	0	0
KANSL1	1	67	0	1	1	135	0	0
ARL17B	0	3	0	2	0	0	0	0
LRRC37A	0	3	0	2	0	0	0	0
LRRC37A2	0	0	0	0	0	0	0	0
ARL17A	0	0	0	0	0	0	0	0
NSF	0	12	0	1	0	13	0	0
WNT3	0	21	0	0	0	9	0	0
WNT9B	0	33	0	0	0	58	0	0
GOSR2	0	7	0	13	1	28	0	0
AC005670.2	0	10	0	13	1	40	0	0
RPRML	0	3	0	0	0	12	0	0
CDC27	0	14	0	4	0	22	0	0
MYL4	0	12	0	4	0	17	0	0
ITGB3	0	75	0	3	0	73	0	0
AC068234.1	0	85	0	6	0	74	0	0
EFCAB13	0	61	0	17	0	29	0	0
NPEPPS	0	47	0	0	0	41	0	0
KPNB1	0	54	0	1	0	17	0	0
TBKBP1	0	53	0	6	0	49	0	0
TBX21	0	46	0	1	0	42	0	0
OSBPL7	0	106	0	3	0	56	0	0
MRPL10	0	0	0	0	0	0	0	0
LRRC46	0	13	0	6	0	23	0	0
SCRN2	0	0	0	0	0	0	0	0
SP6	0	9	0	0	0	29	0	0
SP2	1	39	0	1	0	56	0	0
PNPO	0	7	0	0	0	16	0	0
PRR15L	0	0	0	0	0	0	0	0
CDK5RAP3	0	56	0	9	0	65	0	0
COPZ2	0	0	0	0	0	2	0	0
NFE2L1	0	35	0	1	0	66	0	0
CBX1	0	4	0	1	0	4	0	0
SNX11	0	16	0	3	0	14	0	0
SKAP1	0	25	0	2	0	21	0	0
HOXB1	0	16	0	2	0	31	0	0
HOXB2	0	47	0	5	0	52	0	0
HOXB3	0	54	0	4	0	65	0	0
HOXB4	0	0	0	0	0	0	0	0
HOXB5	0	0	0	0	0	0	0	0
HOXB6	0	9	0	2	0	19	0	0
HOXB7	0	26	0	0	0	49	0	0
HOXB8	0	12	0	0	0	11	0	0
HOXB9	0	14	0	0	0	38	0	0
PRAC1	0	2	0	0	0	0	0	0
PRAC2	0	0	0	0	0	0	0	0
HOXB13	0	19	0	0	0	11	0	0
TTLL6	0	2	0	20	0	3	0	0
CALCOCO2	0	20	0	2	0	17	0	0
ATP5MC1	0	4	0	0	0	7	0	0
UBE2Z	0	6	0	0	0	14	0	0
SNF8	0	33	0	1	0	21	0	0
GIP	0	3	0	2	0	11	0	0
IGF2BP1	0	37	0	0	0	29	0	0
B4GALNT2	0	49	0	21	0	36	0	0
GNGT2	0	0	0	0	0	0	0	0
ABI3	0	41	0	1	0	11	0	0
PHOSPHO1	0	0	0	0	0	0	0	0
ZNF652	0	31	0	2	0	49	0	0
PHB	0	27	0	1	0	12	0	0
NGFR	0	33	0	0	0	32	0	0
NXPH3	0	6	0	0	0	17	0	0
SPOP	0	30	0	0	0	9	0	0
SLC35B1	0	32	0	3	0	21	0	0
FAM117A	0	19	0	5	0	37	0	0
KAT7	0	30	0	1	0	20	0	0
TAC4	0	13	0	3	0	1	0	0
DLX4	0	9	0	2	0	21	0	0
DLX3	0	17	0	0	0	39	0	0
ITGA3	0	48	0	3	0	84	0	0
PDK2	0	9	0	2	0	22	0	0
SAMD14	0	9	0	0	0	18	0	0
PPP1R9B	0	0	0	0	0	0	0	0
SGCA	0	35	0	3	0	68	0	0
COL1A1	0	111	0	3	0	126	0	0
TMEM92	0	20	0	0	0	2	0	0
XYLT2	0	79	0	0	0	77	0	0
MRPL27	0	25	0	0	0	12	0	0
EME1	0	0	0	0	0	0	0	0
LRRC59	0	8	0	0	0	25	0	0
ACSF2	0	30	0	3	0	49	0	0
CHAD	0	17	0	3	0	37	0	0
RSAD1	0	21	0	5	0	59	0	0
MYCBPAP	0	46	0	2	0	73	0	0
EPN3	0	47	0	15	0	71	0	0
SPATA20	1	64	0	12	0	119	0	0
CACNA1G	2	153	0	2	1	175	0	0
ABCC3	1	94	0	6	0	164	0	0
ANKRD40	0	12	0	0	0	17	0	0
LUC7L3	0	19	0	0	0	44	0	0
ANKRD40CL	0	0	0	0	0	0	0	0
WFIKKN2	0	47	0	5	0	66	0	0
TOB1	0	17	0	0	0	29	0	0
SPAG9	0	65	0	10	0	98	0	0
NME1	0	12	0	7	0	23	0	0
NME1-NME2	0	13	0	8	0	27	0	0
NME2	0	1	0	1	0	4	0	0
MBTD1	0	25	0	1	0	25	0	0
UTP18	0	57	0	1	0	32	0	0
CA10	0	14	0	0	0	41	0	0
KIF2B	1	48	0	3	0	63	0	0
TOM1L1	0	29	0	8	0	18	0	0
COX11	0	28	0	5	0	13	0	0
STXBP4	0	962	0	4	0	14	0	0
HLF	0	13	0	1	0	24	0	0
MMD	0	19	0	1	0	9	0	0
SMIM36	0	0	0	0	0	0	0	0
TMEM100	0	4	0	1	0	16	0	0
PCTP	0	11	0	3	0	24	0	0
ANKFN1	0	62	0	12	1	136	0	0
NOG	0	23	0	0	0	28	0	0
C17orf67	0	9	0	0	0	12	0	0
DGKE	0	17	0	5	0	52	0	0
TRIM25	0	61	0	6	0	78	0	0
COIL	0	26	0	9	0	34	0	0
SCPEP1	0	29	0	2	0	45	0	0
AKAP1	0	57	0	5	0	14	0	0
MSI2	0	20	0	1	0	10	0	0
CCDC182	0	19	0	1	0	23	0	0
MRPS23	0	13	0	4	0	16	0	0
CUEDC1	0	35	0	3	0	25	0	0
VEZF1	0	546	0	0	0	20	0	0
AC015813.2	0	16	0	0	0	8	0	0
SRSF1	0	16	0	0	0	8	0	0
DYNLL2	0	9	0	0	0	5	0	0
OR4D1	0	11	0	10	0	15	0	0
OR4D2	0	5	0	0	0	776	0	0
EPX	0	68	0	19	1	98	0	0
MKS1	0	12	0	4	0	25	0	0
LPO	1	41	0	7	0	45	0	0
MPO	1	38	0	17	0	86	0	0
TSPOAP1	0	134	0	5	1	182	0	0
SUPT4H1	0	22	0	0	0	4	0	0
AC004687.2	0	76	0	3	1	56	0	0
RNF43	0	54	0	3	1	52	0	0
HSF5	0	10	0	0	0	47	0	0
MTMR4	0	58	0	0	0	62	0	0
SEPT4	0	34	0	2	0	68	0	0
C17orf47	0	35	0	15	0	24	0	0
TEX14	0	78	0	21	0	89	0	0
AC011195.2	0	0	0	0	0	0	0	0
RAD51C	0	4	0	1	0	9	0	0
PPM1E	0	37	0	1	0	45	0	0
TRIM37	0	50	0	7	0	67	0	0
SKA2	0	4	0	0	0	0	0	0
PRR11	0	27	0	1	0	11	0	0
AC099850.2	0	70	0	8	0	97	0	0
SMG8	0	58	0	7	0	93	0	0
GDPD1	0	15	0	1	0	9	0	0
YPEL2	0	7	0	0	0	1	0	0
DHX40	3	75	0	2	0	40	0	0
CLTC	0	57	0	2	0	37	0	0
PTRH2	0	21	0	2	0	28	0	0
VMP1	0	16	0	0	0	25	0	0
TUBD1	0	8	0	5	0	22	0	0
RPS6KB1	0	13	0	3	0	14	0	0
AC005702.1	0	14	0	9	0	27	0	0
RNFT1	0	11	0	7	0	21	0	0
HEATR6	0	56	0	26	0	102	0	0
CA4	0	21	0	0	0	20	0	0
USP32	0	85	0	2	0	133	0	0
C17orf64	0	15	0	7	0	9	0	0
APPBP2	0	29	0	2	0	26	0	0
PPM1D	0	32	0	1	0	60	0	0
BCAS3	0	22	0	4	0	63	0	0
TBX2	1	36	0	2	0	79	0	0
TBX4	0	52	0	0	1	69	0	0
NACA2	0	11	0	2	0	12	0	0
BRIP1	0	52	0	22	0	60	0	0
INTS2	0	36	0	7	0	83	0	0
MED13	0	131	0	0	0	134	0	0
EFCAB3	0	29	0	9	0	21	0	0
METTL2A	0	13	0	5	0	56	0	0
TLK2	0	22	0	6	0	18	0	0
MRC2	0	111	0	2	0	142	0	0
MARCH10	0	63	0	14	0	42	0	0
TANC2	0	109	0	1	0	179	0	0
CYB561	0	26	0	1	0	24	0	0
ACE	0	65	0	11	0	142	0	0
AC113554.1	0	54	0	7	0	117	0	0
KCNH6	0	105	0	17	1	155	0	0
DCAF7	0	5	0	0	0	1	0	0
TACO1	0	14	0	1	0	15	0	0
MAP3K3	0	9	0	0	0	35	0	0
STRADA	0	17	0	1	0	34	0	0
LIMD2	0	0	0	0	0	0	0	0
AC046185.1	0	26	0	2	0	19	0	0
CCDC47	0	36	0	2	0	34	0	0
DDX42	0	38	0	1	0	43	0	0
FTSJ3	0	1	0	0	0	1	0	0
PSMC5	0	1	0	0	0	1	0	0
SMARCD2	0	25	0	3	0	28	0	0
CSH2	0	4	0	6	1	10	0	0
GH2	0	27	0	0	0	20	0	0
CSH1	0	15	0	3	0	13	0	0
CSHL1	0	55	0	9	0	49	0	0
GH1	0	31	0	0	0	31	0	0
AC127029.3	1	40	0	0	0	38	0	0
CD79B	0	9	0	0	0	7	0	0
SCN4A	1	151	0	7	0	157	0	0
PRR29	0	0	0	0	0	0	0	0
ICAM2	0	0	0	0	0	0	0	0
ERN1	0	77	0	3	0	74	0	0
TEX2	0	51	0	3	0	94	0	0
PECAM1	0	0	0	0	0	0	0	0
MILR1	0	1	0	0	0	1	0	0
POLG2	0	3	0	0	0	9	0	0
DDX5	0	45	0	0	0	24	0	0
CEP95	0	12	0	26	0	59	0	0
SMURF2	0	40	0	1	0	37	0	0
LRRC37A3	0	68	0	8	0	12	0	0
GNA13	0	17	0	0	0	26	0	0
RGS9	0	35	0	6	0	56	0	0
AXIN2	0	64	0	4	0	97	0	0
AC004805.1	0	33	0	2	0	48	0	0
CEP112	0	46	0	11	0	80	0	0
APOH	0	22	0	4	0	25	0	0
PRKCA	0	15	0	1	0	9	0	0
CACNG5	0	24	0	0	0	41	0	0
CACNG4	0	37	0	1	0	30	0	0
CACNG1	0	29	0	2	0	25	0	0
HELZ	1	91	0	2	0	119	0	0
PSMD12	0	18	0	0	0	21	0	0
PITPNC1	0	7	0	1	0	9	0	0
NOL11	0	32	0	9	0	51	0	0
BPTF	0	135	0	1	1	209	0	0
C17orf58	0	5	0	1	0	1	0	0
KPNA2	0	38	0	2	0	38	0	0
AMZ2	0	5	0	12	0	24	0	0
ARSG	0	82	0	6	0	63	0	0
SLC16A6	0	48	0	0	0	20	0	0
WIPI1	0	13	0	3	0	45	0	0
PRKAR1A	0	16	0	0	0	11	0	0
FAM20A	0	0	0	0	0	0	0	0
ABCA8	0	53	0	21	0	99	0	0
ABCA9	0	95	0	41	0	61	0	0
ABCA6	0	61	0	17	0	80	0	0
ABCA10	0	74	0	19	0	47	0	0
ABCA5	0	66	0	18	0	107	0	0
MAP2K6	0	0	0	0	0	5	0	0
KCNJ16	0	40	0	9	0	52	0	0
KCNJ2	0	41	0	0	0	19	0	0
SOX9	0	68	0	0	0	34	0	0
SLC39A11	0	31	0	0	0	44	0	0
SSTR2	0	22	0	4	0	31	0	0
COG1	0	32	0	4	0	96	0	0
FAM104A	0	21	0	5	0	27	0	0
C17orf80	0	24	0	10	1	23	0	0
CPSF4L	0	9	0	2	0	5	0	0
CDC42EP4	0	49	0	1	0	34	0	0
SDK2	2	235	0	3	1	232	0	0
RPL38	0	2	0	0	0	0	0	0
TTYH2	0	65	0	1	0	70	0	0
DNAI2	0	318	0	4	0	80	0	0
KIF19	0	0	0	0	0	0	0	0
BTBD17	0	44	0	0	0	35	0	0
GPR142	0	56	0	1	0	66	0	0
GPRC5C	0	14	0	1	0	28	0	0
CD300A	0	12	0	1	0	2	0	0
CD300LB	0	11	0	10	0	2	0	0
CD300C	0	17	0	15	0	7	0	0
CD300LD	0	3	0	1	0	0	0	0
CD300E	0	30	0	1	0	2	0	0
RAB37	0	19	0	5	0	27	0	0
CD300LF	0	15	0	5	0	6	0	0
SLC9A3R1	0	20	0	7	0	51	0	0
NAT9	0	0	0	0	0	0	0	0
TMEM104	0	61	0	5	0	87	0	0
GRIN2C	0	103	0	7	0	91	0	0
FDXR	0	43	0	1	0	28	0	0
FADS6	0	67	0	1	0	12	0	0
USH1G	0	0	0	0	0	0	0	0
OTOP2	0	24	0	7	0	39	0	0
OTOP3	0	48	0	6	0	125	0	0
HID1	0	24	0	2	0	13	0	0
CDR2L	0	14	0	1	0	53	0	0
MRPL58	0	14	0	4	0	10	0	0
KCTD2	0	24	0	0	0	42	0	0
ATP5PD	0	15	0	0	0	18	0	0
SLC16A5	0	35	0	0	0	43	0	0
ARMC7	0	17	0	1	0	21	0	0
NT5C	0	0	0	0	0	0	0	0
JPT1	0	0	0	0	0	0	0	0
SUMO2	0	1	0	0	0	0	0	0
NUP85	0	38	0	2	0	61	0	0
GGA3	0	38	0	1	0	66	0	0
MRPS7	0	20	0	2	0	16	0	0
MIF4GD	0	0	0	0	0	0	0	0
SLC25A19	0	12	0	2	0	33	0	0
GRB2	0	11	0	0	0	4	0	0
TMEM94	0	1179	0	9	1	271	0	0
CASKIN2	0	47	0	0	0	30	0	0
TSEN54	0	0	0	0	0	0	0	0
LLGL2	0	102	0	4	1	123	0	0
MYO15B	0	0	0	0	0	0	0	0
RECQL5	0	52	0	13	0	82	0	0
SMIM5	0	0	0	0	0	0	0	0
SMIM6	0	0	0	0	0	0	0	0
SAP30BP	0	7	0	2	0	4	0	0
ITGB4	1	197	0	14	0	249	0	0
GALK1	0	82	0	5	0	87	0	0
H3F3B	0	38	0	0	0	1	0	0
UNK	0	6	0	0	0	0	0	0
UNC13D	0	97	0	15	1	178	0	0
WBP2	0	2	0	0	0	5	0	0
TRIM47	0	50	0	3	0	99	0	0
TRIM65	0	57	0	28	0	64	0	0
MRPL38	0	6	0	0	0	21	0	0
AC087289.3	0	80	0	9	0	132	0	0
FBF1	0	75	0	10	0	111	0	0
ACOX1	0	49	0	1	0	59	0	0
TEN1	0	9	0	1	0	11	0	0
TEN1-CDK3	0	9	0	1	0	11	0	0
CDK3	0	0	0	0	0	0	0	0
EVPL	0	115	0	18	1	264	0	0
SRP68	0	27	0	1	0	43	0	0
ZACN	0	7	0	0	0	0	0	0
GALR2	0	0	0	0	0	0	0	0
EXOC7	0	61	0	0	0	49	0	0
FOXJ1	0	9	0	0	0	1	0	0
RNF157	0	40	0	7	0	90	0	0
UBALD2	0	0	0	0	0	3	0	0
QRICH2	1	125	0	9	0	52	0	0
PRPSAP1	0	28	0	4	0	19	0	0
SPHK1	0	0	0	0	0	0	0	0
UBE2O	0	87	0	0	0	74	0	0
AANAT	0	33	0	0	0	19	0	0
RHBDF2	0	35	0	1	0	80	0	0
CYGB	0	26	0	0	0	23	0	0
PRCD	0	26	0	0	0	23	0	0
AC015802.6	0	8	0	0	0	16	0	0
ST6GALNAC2	0	30	0	10	0	37	0	0
ST6GALNAC1	0	28	0	10	0	47	0	0
MXRA7	0	22	0	4	0	24	0	0
JMJD6	0	24	0	0	0	14	0	0
METTL23	0	0	0	0	0	0	0	0
AC005837.2	0	0	0	0	0	1	0	0
SRSF2	0	0	0	0	0	0	0	0
MFSD11	0	29	0	13	0	41	0	0
MGAT5B	0	79	0	0	0	50	0	0
SEC14L1	0	40	0	0	1	43	0	0
SEPT9	0	62	0	1	0	62	0	0
TNRC6C	1	129	0	0	0	211	0	0
TMC6	0	47	0	4	0	41	0	0
TMC8	0	25	0	7	0	32	0	0
C17orf99	0	4	0	0	0	9	0	0
SYNGR2	0	25	0	1	0	32	0	0
TK1	0	2	0	4	0	3	0	0
AFMID	0	26	0	4	0	26	0	0
BIRC5	0	3	0	3	0	4	0	0
TMEM235	0	15	0	9	0	29	0	0
SOCS3	0	14	0	0	0	8	0	0
PGS1	0	63	0	4	0	62	0	0
DNAH17	3	481	0	42	5	572	0	0
CYTH1	0	23	0	5	0	26	0	0
USP36	0	163	0	4	0	89	0	0
TIMP2	0	12	0	3	0	30	0	0
CEP295NL	0	1	0	0	0	1	0	0
LGALS3BP	0	57	0	8	0	22	0	0
CANT1	0	48	0	3	0	42	0	0
C1QTNF1	0	22	0	1	0	35	0	0
ENGASE	0	25	0	2	0	29	0	0
RBFOX3	0	10	0	0	0	19	0	0
ENPP7	0	92	0	5	1	80	0	0
CBX2	0	20	0	18	0	17	0	0
CBX8	0	32	0	0	0	33	0	0
CBX4	0	51	0	1	0	24	0	0
TBC1D16	0	91	0	1	0	71	0	0
CCDC40	1	672	0	584	0	110	0	0
GAA	1	85	0	13	0	99	0	0
EIF4A3	0	19	0	0	0	12	0	0
CARD14	0	104	0	8	0	129	0	0
SGSH	0	51	0	0	0	83	0	0
SLC26A11	0	39	0	3	0	82	0	0
RNF213	2	325	0	14	0	174	0	0
ENDOV	0	19	0	7	0	30	0	0
NPTX1	0	45	0	0	0	36	0	0
RPTOR	1	122	0	0	1	63	0	0
CHMP6	0	22	0	0	0	32	0	0
BAIAP2	0	88	0	2	0	27	0	0
AATK	0	52	0	4	0	35	0	0
PVALEF	0	3	0	0	0	0	0	0
CEP131	0	93	0	12	1	131	0	0
TEPSIN	0	69	0	9	0	34	0	0
NDUFAF8	0	0	0	0	0	0	0	0
SLC38A10	0	86	0	11	1	83	0	0
TMEM105	0	1	0	1	0	0	0	0
BAHCC1	0	7	0	0	0	6	0	0
ACTG1	0	137	0	0	0	6	0	0
FSCN2	0	39	0	9	0	69	0	0
FAAP100	0	102	0	3	0	43	0	0
NPLOC4	1	641	0	1	0	32	0	0
TSPAN10	0	0	0	0	0	0	0	0
PDE6G	0	15	0	0	0	7	0	0
OXLD1	0	0	0	0	0	0	0	0
CCDC137	0	17	0	2	0	18	0	0
ARL16	0	0	0	0	0	0	0	0
HGS	0	73	0	10	1	113	0	0
MRPL12	0	2	0	0	0	8	0	0
AC139530.2	0	34	0	2	0	51	0	0
SLC25A10	0	32	0	2	0	43	0	0
GCGR	0	66	0	1	0	32	0	0
MCRIP1	0	8	0	0	0	7	0	0
PPP1R27	0	2	0	1	0	17	0	0
P4HB	1	40	0	1	1	56	0	0
ARHGDIA	0	21	0	0	0	9	0	0
ALYREF	0	0	0	0	0	0	0	0
ANAPC11	0	7	0	0	0	0	0	0
NPB	0	0	0	0	0	0	0	0
PCYT2	0	11	0	0	0	16	0	0
SIRT7	0	38	0	1	0	32	0	0
MAFG	0	0	0	0	0	0	0	0
PYCR1	0	33	0	6	0	45	0	0
MYADML2	0	0	0	0	0	0	0	0
NOTUM	1	58	0	1	0	62	0	0
ASPSCR1	0	43	0	824	0	46	0	0
CENPX	0	0	0	0	0	2	0	0
LRRC45	0	48	0	2	0	64	0	0
RAC3	0	0	0	0	0	0	0	0
DCXR	0	19	0	12	0	17	0	0
RFNG	0	0	0	0	0	0	0	0
GPS1	0	0	0	0	0	1	0	0
DUS1L	0	53	0	3	0	50	0	0
FASN	1	367	0	1	0	223	0	0
CCDC57	0	25	0	5	0	28	0	0
SLC16A3	0	72	0	2	0	59	0	0
CSNK1D	0	10	0	2	0	2	0	0
CD7	0	3	0	1	0	0	0	0
SECTM1	0	16	0	2	0	2	0	0
TEX19	0	6	0	11	0	12	0	0
UTS2R	0	32	0	13	0	20	0	0
OGFOD3	0	20	0	13	0	14	0	0
HEXDC	0	23	0	3	0	25	0	0
CYBC1	0	13	0	0	0	34	0	0
NARF	0	22	0	2	0	48	0	0
FOXK2	0	162	0	1	0	104	0	0
WDR45B	0	34	0	0	0	16	0	0
RAB40B	0	20	0	1	0	34	0	0
FN3KRP	0	48	0	3	0	35	0	0
FN3K	1	27	0	4	0	23	0	0
TBCD	0	163	0	9	2	97	0	0
ZNF750	0	71	0	2	0	21	0	0
B3GNTL1	1	48	0	5	0	33	0	0
METRNL	0	69	0	0	0	32	0	0
