#Gene	syn.obs	syn.haps	lgd.obs	lgd.haps	dmis.obs	dmis.haps	lgd/dmis.obs	lgd/dmis.haps
OR4F21	0	1	0	0	0	5	0	0
ZNF596	0	38	0	8	0	40	0	0
FBXO25	0	35	0	1	0	33	0	0
TDRP	0	1207	0	4	0	8	0	0
ERICH1	0	78	0	6	0	17	0	0
DLGAP2	0	152	0	1	0	110	0	0
CLN8	0	23	0	2	0	25	0	0
KBTBD11-OT1	0	508	0	9	0	156	0	0
ARHGEF10	0	486	0	7	0	132	0	0
KBTBD11	0	132	0	3	0	71	0	0
MYOM2	0	386	0	34	1	310	0	0
CSMD1	0	402	0	13	3	459	0	0
MCPH1	0	1204	0	15	0	102	0	0
ANGPT2	0	38	0	0	0	49	0	0
AGPAT5	0	32	0	2	0	24	0	0
XKR5	0	79	0	4	0	23	0	0
DEFB1	0	10	0	0	0	22	0	0
DEFA6	0	4	0	1	0	1	0	0
DEFA4	0	3	0	8	0	5	0	0
DEFA1	0	0	0	0	0	0	0	0
DEFA1B	0	0	0	0	0	0	0	0
DEFA3	0	12	0	0	0	0	0	0
DEFA5	0	12	0	0	0	1	0	0
USP17L1	0	0	0	0	0	0	0	0
USP17L4	0	0	0	0	0	0	0	0
ZNF705G	0	25	0	12	0	20	0	0
DEFB4B	0	0	0	0	0	1	0	0
DEFB103B	0	0	0	0	0	0	0	0
SPAG11B	0	33	1	8	0	6	0	0
DEFB104B	0	0	0	0	0	0	0	0
DEFB106B	0	2	0	2	0	3	0	0
DEFB105B	0	0	0	0	0	0	0	0
DEFB107B	0	0	0	0	0	0	0	0
PRR23D1	0	0	0	0	0	0	0	0
AC134684.11	0	0	0	0	0	0	0	0
AC134684.8	0	0	0	0	0	0	0	0
AC134684.9	0	0	0	0	0	0	0	0
AC084121.9	0	0	0	0	0	0	0	0
AC084121.11	0	0	0	0	0	0	0	0
AC084121.6	0	0	0	0	0	0	0	0
AC084121.12	0	0	0	0	0	0	0	0
AC084121.8	0	0	0	0	0	0	0	0
AC084121.7	0	0	0	0	0	0	0	0
AC084121.5	0	0	0	0	0	0	0	0
AC084121.13	0	0	0	0	0	0	0	0
PRR23D2	0	0	0	0	0	0	0	0
DEFB107A	0	0	0	0	0	0	0	0
DEFB105A	0	0	0	5	0	6	0	0
DEFB106A	0	0	0	0	0	0	0	0
DEFB104A	0	1	0	0	0	4	0	0
SPAG11A	0	11	0	2	0	1	0	0
DEFB103A	0	0	0	0	0	0	0	0
DEFB4A	0	3	0	0	0	0	0	0
ZNF705B	0	0	0	0	0	0	0	0
USP17L8	0	0	0	0	0	0	0	0
USP17L3	0	0	0	0	0	0	0	0
PRAG1	1	996	0	3	0	112	0	0
CLDN23	0	33	0	4	0	34	0	0
MFHAS1	0	84	0	1	1	144	0	0
ERI1	0	939	0	8	0	48	0	0
PPP1R3B	0	13	0	0	0	18	0	0
TNKS	0	84	0	0	0	119	0	0
MSRA	0	13	0	4	0	33	0	0
PRSS51	0	23	0	8	0	35	0	0
PRSS55	0	27	0	8	0	35	0	0
RP1L1	2	320	0	56	0	84	0	0
C8orf74	0	21	0	10	0	15	0	0
SOX7	0	30	0	0	0	39	0	0
PINX1	0	34	0	10	0	34	0	0
XKR6	0	55	0	0	0	49	0	0
MTMR9	0	36	0	1	0	70	0	0
SLC35G5	0	0	0	0	0	0	0	0
FAM167A	0	17	0	3	0	32	0	0
BLK	0	45	0	7	0	65	0	0
GATA4	0	70	0	0	0	58	0	0
NEIL2	0	14	0	5	0	37	0	0
FDFT1	0	49	0	5	0	67	0	0
CTSB	0	1195	0	3	0	39	0	0
DEFB136	0	24	0	0	0	5	0	0
DEFB135	0	9	0	4	0	27	0	0
DEFB134	0	12	0	0	0	7	0	0
DEFB130B	0	0	0	0	0	0	0	0
ZNF705D	0	5	0	1	0	6	0	0
USP17L7	0	0	0	0	0	0	0	0
USP17L2	4	57	0	16	0	32	0	0
FAM86B1	0	15	0	0	1	15	0	0
DEFB130A	0	0	0	0	0	0	0	0
FAM86B2	0	42	0	1	0	22	0	0
LONRF1	0	62	0	2	0	41	0	0
TRMT9B	0	8	0	2	0	8	0	0
DLC1	0	139	0	6	0	173	0	0
C8orf48	0	22	0	2	0	35	0	0
SGCZ	0	18	0	8	0	54	0	0
TUSC3	0	16	0	4	0	36	0	0
MSR1	0	43	0	9	0	41	0	0
FGF20	0	26	0	2	0	34	0	0
MICU3	0	26	0	5	0	66	0	0
ZDHHC2	0	22	0	0	0	35	0	0
CNOT7	0	5	0	0	0	5	0	0
VPS37A	0	28	0	2	0	32	0	0
MTMR7	0	43	0	2	0	70	0	0
SLC7A2	0	90	0	4	0	72	0	0
PDGFRL	0	52	0	4	0	71	0	0
MTUS1	0	82	0	8	1	118	0	0
FGL1	0	15	0	9	0	46	0	0
PCM1	0	113	0	14	0	242	0	0
ASAH1	0	24	0	6	0	50	0	0
NAT1	0	23	0	3	0	19	0	0
NAT2	0	10	0	3	0	31	0	0
PSD3	0	80	0	3	0	96	0	0
SH2D4A	0	43	0	7	0	43	0	0
CSGALNACT1	0	36	0	7	1	76	0	0
INTS10	0	33	0	1	0	43	0	0
LPL	0	25	0	0	0	33	0	0
SLC18A1	0	33	0	7	0	68	0	0
ATP6V1B2	0	28	0	0	0	27	0	0
LZTS1	0	38	0	0	0	85	0	0
GFRA2	0	0	0	1	0	3	0	0
DOK2	0	44	0	9	0	80	0	0
XPO7	0	41	0	0	0	41	0	0
NPM2	0	9	0	5	0	14	0	0
FGF17	0	9	0	0	0	6	0	0
DMTN	0	40	0	1	0	32	0	0
FAM160B2	0	83	0	4	0	55	0	0
NUDT18	0	0	0	0	0	0	0	0
HR	0	101	0	4	2	120	0	0
REEP4	0	17	0	12	0	45	0	0
LGI3	0	58	0	7	0	74	0	0
SFTPC	0	0	0	0	0	0	0	0
BMP1	0	67	0	5	0	81	0	0
PHYHIP	0	42	0	0	0	28	0	0
POLR3D	0	13	0	2	0	35	0	0
PIWIL2	0	58	0	6	1	61	0	0
SLC39A14	0	36	0	2	0	14	0	0
PPP3CC	0	20	0	4	0	34	0	0
SORBS3	0	57	0	1	0	91	0	0
PDLIM2	0	43	0	1	0	29	0	0
AC037459.1	0	27	0	1	0	18	0	0
C8orf58	0	1	0	1	0	3	0	0
CCAR2	0	13	0	0	0	17	0	0
BIN3	0	34	0	13	0	39	0	0
EGR3	0	29	0	0	0	10	0	0
PEBP4	0	11	0	4	0	7	0	0
RHOBTB2	0	60	0	2	0	63	0	0
TNFRSF10B	0	13	0	17	0	6	0	0
AC107959.5	0	2	0	2	0	0	0	0
TNFRSF10C	0	4	0	3	0	0	0	0
TNFRSF10D	0	22	0	3	0	3	0	0
TNFRSF10A	1	43	0	14	0	22	0	0
CHMP7	0	18	0	3	0	36	0	0
R3HCC1	0	26	0	3	0	62	0	0
LOXL2	0	77	0	7	0	82	0	0
ENTPD4	0	27	0	12	0	69	0	0
SLC25A37	0	11	0	3	0	8	0	0
NKX3-1	0	26	0	0	0	10	0	0
NKX2-6	0	19	0	3	0	18	0	0
STC1	0	5	0	1	0	19	0	0
ADAM28	0	43	0	12	0	42	0	0
ADAMDEC1	0	10	0	7	0	23	0	0
ADAM7	0	23	0	8	0	57	0	0
NEFM	0	88	0	11	1	113	0	0
NEFL	0	0	0	0	0	0	0	0
DOCK5	1	144	0	7	1	157	0	0
GNRH1	0	0	0	0	0	7	0	0
KCTD9	0	9	0	0	0	10	0	0
CDCA2	0	41	0	13	0	36	0	0
EBF2	0	27	0	0	0	21	0	0
PPP2R2A	0	23	0	0	0	10	0	0
BNIP3L	0	15	0	0	0	14	0	0
PNMA2	0	0	0	0	0	0	0	0
DPYSL2	2	56	0	0	0	27	0	0
ADRA1A	0	31	0	8	0	37	0	0
STMN4	0	7	0	0	0	16	0	0
TRIM35	0	75	0	3	0	57	0	0
PTK2B	0	44	0	7	0	82	0	0
CHRNA2	0	41	0	3	0	29	0	0
EPHX2	0	52	0	5	0	31	0	0
CLU	0	44	0	0	0	22	0	0
SCARA3	0	55	0	2	0	68	0	0
CCDC25	0	5	0	0	0	11	0	0
ESCO2	0	32	0	3	0	24	0	0
PBK	0	14	0	2	0	19	0	0
SCARA5	0	47	0	0	0	53	0	0
NUGGC	0	66	0	29	0	52	0	0
ELP3	0	26	0	3	0	45	0	0
PNOC	0	5	0	0	0	7	0	0
ZNF395	0	34	0	1	0	24	0	0
FBXO16	0	67	0	7	0	44	0	0
FZD3	0	46	0	1	0	39	0	0
EXTL3	0	90	0	3	0	92	0	0
INTS9	0	46	0	6	0	35	0	0
HMBOX1	0	18	0	0	0	7	0	0
KIF13B	0	71	0	2	0	110	0	0
DUSP4	0	25	0	0	0	24	0	0
SARAF	0	22	0	5	0	20	0	0
LEPROTL1	0	57	0	12	0	47	0	0
MBOAT4	0	51	0	5	0	37	0	0
DCTN6	0	3	0	7	0	17	0	0
RBPMS	0	7	0	1	0	10	0	0
GTF2E2	0	25	0	2	0	23	0	0
SMIM18	0	0	0	0	0	0	0	0
GSR	0	37	0	6	0	59	0	0
UBXN8	0	6	0	3	0	25	0	0
PPP2CB	0	8	0	1	0	20	0	0
TEX15	0	113	0	32	0	68	0	0
PURG	0	0	0	1	0	3	0	0
WRN	0	81	0	15	1	117	0	0
NRG1	0	29	0	2	0	77	0	0
FUT10	0	50	0	3	0	65	0	0
TTI2	0	31	0	5	0	21	0	0
MAK16	0	19	0	0	0	18	0	0
RNF122	0	6	0	1	0	21	0	0
DUSP26	0	26	0	1	0	22	0	0
UNC5D	0	55	0	0	1	84	0	0
KCNU1	0	66	0	7	0	56	0	0
ZNF703	0	37	0	8	1	66	0	0
ERLIN2	0	30	0	2	0	7	0	0
PLPBP	0	30	0	0	0	20	0	0
ADGRA2	0	49	0	0	1	71	0	0
BRF2	0	19	0	5	0	32	0	0
RAB11FIP1	0	37	0	2	0	49	0	0
GOT1L1	0	29	0	10	0	23	0	0
AC144573.1	0	62	0	1	0	46	0	0
ADRB3	0	50	0	1	0	37	0	0
EIF4EBP1	0	7	0	1	0	12	0	0
ASH2L	0	28	0	5	0	11	0	0
STAR	0	15	0	3	0	29	0	0
LSM1	0	2	0	1	0	8	0	0
BAG4	0	6	0	6	0	27	0	0
DDHD2	0	45	0	4	0	54	0	0
PLPP5	0	0	0	0	0	0	0	0
NSD3	0	42	0	0	0	67	0	0
LETM2	0	19	0	7	0	25	0	0
FGFR1	0	58	0	7	0	93	0	0
C8orf86	0	9	0	1	0	10	0	0
TACC1	0	8	0	2	0	24	0	0
PLEKHA2	0	14	0	1	0	1	0	0
HTRA4	0	23	0	1	0	18	0	0
TM2D2	0	0	0	0	0	0	0	0
ADAM9	0	34	0	4	0	49	0	0
ADAM32	0	990	0	8	0	18	0	0
ADAM18	0	25	0	9	0	46	0	0
ADAM2	0	17	0	7	0	44	0	0
IDO1	0	5	0	2	0	6	0	0
IDO2	0	0	0	2	0	0	0	0
TCIM	0	7	0	2	0	13	0	0
ZMAT4	0	9	0	5	0	8	0	0
SFRP1	0	27	0	2	0	18	0	0
GOLGA7	0	2	0	1	0	9	0	0
GINS4	0	5	0	5	0	13	0	0
GPAT4	0	33	0	0	0	12	0	0
NKX6-3	0	20	0	0	0	10	0	0
ANK1	0	1179	0	0	0	211	0	0
KAT6A	1	135	0	3	0	159	0	0
AP3M2	0	28	0	2	0	32	0	0
PLAT	0	47	0	3	0	24	0	0
IKBKB	0	8	0	8	0	7	0	0
POLB	0	3	0	2	0	16	0	0
DKK4	0	7	0	2	0	17	0	0
VDAC3	0	15	0	1	0	14	0	0
SLC20A2	0	58	0	1	0	38	0	0
SMIM19	0	2	0	0	0	3	0	0
CHRNB3	0	17	0	9	0	41	0	0
CHRNA6	1	20	0	5	0	44	0	0
THAP1	0	18	0	1	0	13	0	0
RNF170	0	4	0	2	0	7	0	0
HOOK3	0	22	0	0	0	32	0	0
AC110275.1	0	10	0	2	0	19	0	0
FNTA	0	14	0	3	0	32	0	0
POMK	0	42	0	5	0	37	0	0
HGSNAT	0	39	0	4	0	35	0	0
SPIDR	0	31	0	10	0	47	0	0
CEBPD	0	0	0	0	0	0	0	0
PRKDC	0	229	0	7	0	245	0	0
MCM4	0	45	0	4	0	117	0	0
UBE2V2	0	0	0	1	0	4	0	0
EFCAB1	0	13	0	4	0	12	0	0
SNAI2	0	11	0	0	0	4	0	0
PPDPFL	0	10	0	0	0	2	0	0
SNTG1	0	19	0	2	0	47	0	0
PXDNL	0	107	0	15	0	105	0	0
PCMTD1	0	10	0	1	0	8	0	0
ST18	0	62	0	3	0	99	0	0
ALKAL1	0	7	0	1	0	3	0	0
RB1CC1	0	68	0	0	0	77	0	0
NPBWR1	0	19	0	4	0	26	0	0
OPRK1	0	39	0	9	0	36	0	0
ATP6V1H	0	23	0	4	0	26	0	0
RGS20	0	24	0	1	0	10	0	0
TCEA1	0	13	0	1	0	12	0	0
LYPLA1	0	11	0	4	0	20	0	0
MRPL15	0	5	0	3	0	20	0	0
SOX17	0	57	0	0	0	29	0	0
RP1	0	140	0	57	0	177	0	0
XKR4	0	31	0	0	0	30	0	0
TMEM68	0	6	0	0	0	10	0	0
TGS1	0	56	0	5	0	49	0	0
LYN	0	8	0	0	0	2	0	0
RPS20	0	9	0	0	0	1	0	0
MOS	0	29	0	2	0	32	0	0
PLAG1	0	30	0	0	0	31	0	0
CHCHD7	0	1	0	0	0	4	0	0
SDR16C5	0	8	0	3	0	30	0	0
PENK	0	16	0	17	0	43	0	0
IMPAD1	0	28	0	2	0	24	0	0
FAM110B	0	15	0	1	0	19	0	0
UBXN2B	0	14	0	0	0	43	0	0
CYP7A1	0	37	0	4	0	44	0	0
SDCBP	0	5	0	0	0	14	0	0
NSMAF	0	29	0	5	1	54	0	0
TOX	1	36	0	2	0	49	0	0
CA8	0	9	0	0	0	37	0	0
RAB2A	0	6	0	1	0	8	0	0
CHD7	0	212	0	1	2	261	0	0
CLVS1	0	34	0	1	0	15	0	0
ASPH	0	46	0	12	0	33	0	0
NKAIN3	0	1	0	0	0	0	0	0
GGH	0	5	0	0	0	7	0	0
TTPA	0	14	0	7	0	61	0	0
YTHDF3	0	1	0	0	0	2	0	0
BHLHE22	0	719	0	0	0	29	0	0
CYP7B1	0	34	0	2	0	21	0	0
ARMC1	0	14	0	3	0	27	0	0
MTFR1	0	43	0	4	0	41	0	0
PDE7A	0	20	0	3	0	27	0	0
DNAJC5B	0	17	0	7	0	19	0	0
TRIM55	0	37	0	7	0	48	0	0
CRH	0	22	0	0	0	7	0	0
RRS1	0	0	0	0	0	0	0	0
AC009879.2	0	9	0	14	0	2	0	0
ADHFE1	0	9	0	16	0	2	0	0
AC009879.3	0	51	0	18	0	10	0	0
VXN	0	42	0	2	0	8	0	0
MYBL1	0	24	0	0	0	31	0	0
VCPIP1	0	53	0	0	0	73	0	0
SGK3	0	20	0	1	0	31	0	0
C8orf44	0	8	0	0	0	7	0	0
MCMDC2	0	19	0	22	0	44	0	0
TCF24	0	0	0	0	0	1	0	0
PPP1R42	0	12	0	7	0	5	0	0
COPS5	0	28	0	5	0	8	0	0
CSPP1	0	42	0	14	0	87	0	0
ARFGEF1	0	87	0	1	0	87	0	0
CPA6	0	18	0	8	0	38	0	0
PREX2	0	53	0	9	0	129	0	0
C8orf34	0	42	0	19	0	29	0	0
SULF1	0	41	0	3	0	117	0	0
SLCO5A1	0	47	0	3	0	66	0	0
PRDM14	0	22	0	2	0	33	0	0
NCOA2	0	89	0	0	0	96	0	0
TRAM1	0	19	0	0	0	60	0	0
LACTB2	0	11	0	3	0	20	0	0
XKR9	0	10	0	13	0	17	0	0
EYA1	0	29	0	1	0	48	0	0
MSC	0	12	0	3	0	19	0	0
TRPA1	0	59	0	23	0	60	0	0
KCNB2	0	55	0	0	0	39	0	0
TERF1	0	40	0	2	0	18	0	0
SBSPON	0	5	0	5	0	33	0	0
C8orf89	0	0	0	0	0	5	0	0
RPL7	0	7	0	0	0	3	0	0
RDH10	0	10	0	0	0	5	0	0
STAU2	0	22	0	2	0	35	0	0
AC022826.2	0	8	0	1	0	3	0	0
UBE2W	0	6	0	1	0	2	0	0
ELOC	0	1	0	0	0	6	0	0
TMEM70	0	13	0	11	0	7	0	0
LY96	0	9	0	2	0	2	0	0
JPH1	0	76	0	0	0	43	0	0
GDAP1	0	19	0	2	0	44	0	0
PI15	0	25	0	1	0	39	0	0
CRISPLD1	0	23	0	3	0	28	0	0
HNF4G	0	21	0	1	0	25	0	0
ZFHX4	0	153	0	0	1	192	0	0
PEX2	0	10	0	4	0	15	0	0
PKIA	0	0	0	0	0	4	0	0
ZC2HC1A	0	11	0	2	0	23	0	0
IL7	0	18	0	2	0	28	0	0
STMN2	0	6	0	0	0	3	0	0
HEY1	0	19	0	0	0	21	0	0
MRPS28	0	20	0	2	0	26	0	0
AC036214.3	0	29	0	5	0	37	0	0
TPD52	0	9	0	3	0	11	0	0
ZBTB10	0	24	0	2	0	22	0	0
ZNF704	0	26	0	0	0	24	0	0
PAG1	0	21	0	6	0	28	0	0
FABP5	0	4	0	0	0	3	0	0
PMP2	0	4	0	0	0	7	0	0
FABP9	0	13	0	3	0	19	0	0
FABP4	0	8	0	15	0	3	0	0
FABP12	0	9	0	0	0	14	0	0
IMPA1	0	6	0	2	0	9	0	0
SLC10A5	0	16	0	2	0	53	0	0
ZFAND1	0	20	0	9	0	38	0	0
CHMP4C	0	6	0	1	0	32	0	0
SNX16	0	7	0	4	0	26	0	0
RALYL	0	9	0	2	0	23	0	0
LRRCC1	0	41	0	11	1	72	0	0
E2F5	0	9	0	5	0	5	0	0
C8orf59	0	0	0	0	0	0	0	0
CA13	0	5	0	5	0	10	0	0
CA1	0	15	0	0	0	15	0	0
CA3	0	8	0	3	0	8	0	0
CA2	0	14	0	2	0	11	0	0
ATP6V0D2	0	69	0	13	0	96	0	0
PSKH2	0	43	0	9	0	29	0	0
SLC7A13	0	606	0	9	0	22	0	0
WWP1	0	49	0	2	0	50	0	0
RMDN1	0	8	0	2	0	9	0	0
CPNE3	0	4	0	1	0	2	0	0
CNGB3	0	44	0	432	0	59	0	0
CNBD1	0	16	0	3	0	28	0	0
DCAF4L2	0	20	0	2	1	31	0	0
MMP16	0	24	0	0	0	19	0	0
RIPK2	0	23	0	1	0	29	0	0
OSGIN2	0	14	0	3	0	33	0	0
NBN	0	25	0	11	0	34	0	0
DECR1	0	19	0	2	0	17	0	0
CALB1	0	5	0	1	0	19	0	0
TMEM64	0	29	0	1	0	26	0	0
NECAB1	0	10	0	3	0	28	0	0
C8orf88	0	2	0	1	0	2	0	0
PIP4P2	0	17	0	0	0	14	0	0
OTUD6B	0	13	0	1	0	26	0	0
LRRC69	0	8	0	1	0	14	0	0
SLC26A7	0	25	0	3	0	30	0	0
RUNX1T1	0	57	0	0	0	27	0	0
TRIQK	0	13	0	0	0	5	0	0
FAM92A	0	7	0	2	0	12	0	0
RBM12B	1	73	0	2	0	40	0	0
TMEM67	0	23	0	16	1	57	0	0
PDP1	0	21	0	0	0	35	0	0
CDH17	0	57	0	6	0	52	0	0
GEM	0	3	0	4	0	802	0	0
RAD54B	0	25	0	6	0	45	0	0
FSBP	0	25	0	5	0	42	0	0
VIRMA	0	89	0	4	1	104	0	0
ESRP1	0	36	0	1	0	36	0	0
DPY19L4	0	39	0	38	0	97	0	0
INTS8	0	26	0	2	0	48	0	0
CCNE2	0	16	0	1	0	14	0	0
NDUFAF6	0	19	0	5	0	31	0	0
TP53INP1	0	6	0	2	0	21	0	0
PLEKHF2	0	27	0	2	0	11	0	0
C8orf37	0	5	0	2	0	17	0	0
GDF6	0	23	0	0	0	28	0	0
UQCRB	0	13	0	3	0	6	0	0
MTERF3	0	5	0	2	0	55	0	0
PTDSS1	0	3	0	1	0	0	0	0
SDC2	0	24	0	1	0	12	0	0
CPQ	0	16	0	2	0	66	0	0
TSPYL5	0	37	0	0	0	16	0	0
MTDH	0	19	0	2	0	40	0	0
LAPTM4B	0	20	0	7	0	21	0	0
MATN2	0	81	0	12	0	92	0	0
RPL30	0	28	0	2	0	27	0	0
ERICH5	0	13	0	6	0	16	0	0
RIDA	0	2	0	2	0	16	0	0
POP1	0	62	0	9	0	60	0	0
NIPAL2	0	18	0	2	0	13	0	0
STK3	0	47	0	2	0	75	0	0
KCNS2	0	25	0	0	0	44	0	0
OSR2	0	39	0	0	0	19	0	0
VPS13B	0	163	0	21	4	277	0	0
COX6C	0	5	0	0	0	14	0	0
RGS22	0	42	0	13	0	97	0	0
FBXO43	0	26	0	4	0	31	0	0
POLR2K	0	2	0	1	0	2	0	0
SPAG1	0	55	0	15	0	71	0	0
RNF19A	0	32	0	4	0	62	0	0
ANKRD46	0	1	0	0	0	14	0	0
SNX31	0	26	0	10	0	31	0	0
PABPC1	0	52	0	11	0	39	0	0
YWHAZ	0	17	0	0	0	7	0	0
ZNF706	0	6	0	0	0	2	0	0
GRHL2	0	52	0	0	0	37	0	0
NCALD	0	8	0	0	0	7	0	0
RRM2B	0	17	0	0	0	15	0	0
UBR5	0	154	0	1	0	98	0	0
ODF1	0	91	0	0	0	29	0	0
KLF10	0	33	0	0	0	17	0	0
AZIN1	0	16	0	1	0	37	0	0
ATP6V1C1	0	30	0	4	0	16	0	0
BAALC	0	4	0	1	0	8	0	0
FZD6	0	42	0	6	0	44	0	0
CTHRC1	0	11	0	0	0	25	0	0
SLC25A32	0	9	0	1	0	27	0	0
AC012213.5	0	21	0	6	1	71	0	0
DCAF13	0	14	0	5	1	40	0	0
RIMS2	0	46	0	1	0	105	0	0
DPYS	0	77	0	21	0	83	0	0
DCSTAMP	0	43	0	7	0	35	0	0
LRP12	0	49	0	4	0	61	0	0
ZFPM2	0	65	0	0	0	135	0	0
OXR1	0	35	0	3	0	52	0	0
ABRA	0	30	0	5	0	42	0	0
ANGPT1	0	30	0	0	0	36	0	0
RSPO2	0	10	0	2	0	28	0	0
EIF3E	0	24	0	1	0	11	0	0
EMC2	0	8	0	0	0	7	0	0
TMEM74	0	16	0	1	0	32	0	0
TRHR	0	17	0	1	0	25	0	0
NUDCD1	0	13	0	4	0	45	0	0
ENY2	0	0	0	0	0	0	0	0
PKHD1L1	0	167	0	55	2	311	0	0
EBAG9	0	10	0	1	0	5	0	0
SYBU	0	20	0	3	0	46	0	0
KCNV1	0	41	0	0	0	30	0	0
CSMD3	1	178	0	4	1	287	0	0
TRPS1	0	87	0	1	1	97	0	0
EIF3H	0	23	0	7	0	23	0	0
UTP23	0	15	0	2	0	24	0	0
RAD21	0	30	0	0	0	47	0	0
AARD	0	23	0	3	0	3	0	0
SLC30A8	0	13	0	5	0	42	0	0
MED30	0	14	0	2	0	25	0	0
EXT1	0	42	0	1	0	42	0	0
SAMD12	0	17	0	1	0	16	0	0
TNFRSF11B	0	53	0	2	0	33	0	0
COLEC10	0	16	0	1	0	16	0	0
MAL2	0	0	0	0	0	0	0	0
NOV	0	7	0	6	0	24	0	0
ENPP2	0	40	0	2	0	60	0	0
TAF2	0	43	0	2	0	69	0	0
DSCC1	0	9	0	5	0	35	0	0
DEPTOR	0	23	0	8	0	64	0	0
COL14A1	0	95	0	9	0	126	0	0
MRPL13	0	5	0	2	0	14	0	0
MTBP	0	34	0	9	0	62	0	0
SNTB1	0	29	0	6	0	64	0	0
HAS2	0	42	0	0	0	15	0	0
ZHX2	0	68	0	0	0	68	0	0
DERL1	0	9	0	2	0	18	0	0
TBC1D31	0	59	0	11	0	96	0	0
FAM83A	0	14	0	3	0	33	0	0
C8orf76	0	24	0	4	0	15	0	0
ZHX1-C8orf76	0	50	0	4	0	78	0	0
ZHX1	0	28	0	0	0	65	0	0
ATAD2	1	65	0	1	0	81	0	0
WDYHV1	0	6	0	36	0	27	0	0
FBXO32	0	1	0	0	0	0	0	0
KLHL38	0	66	0	7	0	63	0	0
ANXA13	0	56	0	2	0	21	0	0
FAM91A1	0	36	0	2	0	47	0	0
FER1L6	0	11	0	10	0	42	0	0
TMEM65	0	29	0	0	0	21	0	0
TRMT12	0	10	0	2	0	39	0	0
RNF139	0	5	0	1	0	6	0	0
TATDN1	0	9	0	13	0	23	0	0
NDUFB9	0	43	0	10	0	70	0	0
MTSS1	0	38	0	2	0	43	0	0
ZNF572	0	25	0	3	0	32	0	0
SQLE	0	26	0	1	0	20	0	0
WASHC5	0	38	0	6	0	89	0	0
NSMCE2	0	2	0	6	0	6	0	0
TRIB1	0	44	0	2	1	47	0	0
FAM84B	0	12	0	1	0	33	0	0
POU5F1B	0	38	0	11	0	14	0	0
MYC	0	13	0	0	0	9	0	0
GSDMC	0	46	0	6	0	20	0	0
FAM49B	0	11	0	0	0	3	0	0
ASAP1	0	64	0	0	1	56	0	0
ADCY8	0	81	0	5	0	95	0	0
EFR3A	0	35	0	4	0	64	0	0
OC90	0	43	0	13	0	51	0	0
AC100868.1	0	59	0	15	0	51	0	0
HHLA1	0	24	0	5	0	6	0	0
KCNQ3	0	43	0	1	0	59	0	0
LRRC6	0	17	0	5	0	50	0	0
TMEM71	0	17	0	1	0	5	0	0
PHF20L1	0	38	0	1	0	72	0	0
TG	1	228	0	29	2	231	0	0
SLA	0	12	0	0	0	14	0	0
WISP1	0	26	0	7	0	34	0	0
NDRG1	0	57	0	2	0	47	0	0
ST3GAL1	0	30	0	1	0	9	0	0
ZFAT	0	91	0	0	0	107	0	0
KHDRBS3	0	23	0	0	0	22	0	0
FAM135B	0	63	0	1	0	34	0	0
COL22A1	1	104	0	14	1	169	0	0
KCNK9	0	34	0	0	0	9	0	0
TRAPPC9	0	119	0	2	1	145	0	0
CHRAC1	0	4	0	0	0	13	0	0
AGO2	0	75	0	0	0	14	0	0
PTK2	0	41	0	0	0	76	0	0
DENND3	2	1188	0	2	0	80	0	0
SLC45A4	0	119	0	1	0	120	0	0
GPR20	0	58	0	1	0	35	0	0
PTP4A3	0	26	0	0	0	22	0	0
MROH5	0	76	0	31	0	107	0	0
AC138647.1	0	0	0	0	0	0	0	0
TSNARE1	0	55	0	8	0	43	0	0
ADGRB1	0	151	0	1	0	128	0	0
ARC	0	26	0	0	0	30	0	0
JRK	0	2	0	1	0	2	0	0
PSCA	0	18	0	1	0	4	0	0
LY6K	0	14	0	6	0	6	0	0
THEM6	0	20	0	0	0	16	0	0
SLURP1	0	16	0	1	0	0	0	0
LYPD2	0	4	0	1	0	10	0	0
LYNX1-SLURP2	0	2	0	0	0	5	0	0
SLURP2	0	2	0	0	0	5	0	0
LYNX1	0	0	0	0	0	0	0	0
LY6D	0	10	0	2	0	0	0	0
GML	0	164	0	12	0	85	0	0
CYP11B1	0	82	0	2	0	45	0	0
CYP11B2	0	80	0	7	0	37	0	0
LY6E	0	10	0	0	0	3	0	0
LY6L	0	11	0	1	0	2	0	0
LY6H	0	9	0	6	0	24	0	0
GPIHBP1	0	19	0	2	0	24	0	0
ZFP41	0	21	0	3	0	14	0	0
AC138696.1	0	59	0	6	0	31	0	0
GLI4	0	60	0	3	0	30	0	0
ZNF696	0	20	0	4	0	13	0	0
TOP1MT	0	53	0	27	0	83	0	0
RHPN1	0	80	0	13	0	47	0	0
MAFA	0	11	0	2	0	20	0	0
ZC3H3	0	115	0	2	0	67	0	0
GSDMD	0	94	0	7	0	14	0	0
MROH6	0	21	0	3	0	15	0	0
NAPRT	0	0	0	0	0	0	0	0
EEF1D	0	27	0	1	0	36	0	0
TIGD5	0	0	0	0	0	0	0	0
PYCR3	0	26	0	2	0	24	0	0
TSTA3	0	10	0	3	0	7	0	0
ZNF623	0	36	0	6	0	19	0	0
ZNF707	0	42	0	1	0	15	0	0
CCDC166	0	0	0	0	0	0	0	0
MAPK15	0	54	0	14	1	91	0	0
FAM83H	0	51	0	2	0	79	0	0
IQANK1	0	0	0	0	0	0	0	0
SCRIB	0	206	0	3	0	136	0	0
PUF60	0	46	0	0	0	11	0	0
NRBP2	0	0	0	0	0	0	0	0
EPPK1	0	323	0	32	0	276	0	0
PLEC	11	894	0	8	21	1021	0	0
PARP10	0	105	0	5	0	56	0	0
GRINA	0	30	0	0	0	14	0	0
SPATC1	0	77	0	12	0	66	0	0
OPLAH	0	4	0	0	0	3	0	0
EXOSC4	0	7	0	1	0	29	0	0
GPAA1	0	6	0	1	0	10	0	0
CYC1	0	23	0	2	0	39	0	0
SHARPIN	0	16	0	0	0	5	0	0
MAF1	0	16	0	0	0	5	0	0
WDR97	0	0	0	0	0	0	0	0
HGH1	0	35	0	2	0	35	0	0
MROH1	0	48	0	1	0	33	0	0
BOP1	0	3	0	0	0	0	0	0
SCX	0	0	0	0	0	0	0	0
HSF1	0	8	0	0	0	21	0	0
DGAT1	0	18	0	1	0	12	0	0
SCRT1	0	20	0	0	0	30	0	0
TMEM249	0	0	0	0	0	0	0	0
AC233992.2	0	0	0	0	0	0	0	0
SLC52A2	0	47	0	2	0	39	0	0
FBXL6	0	1	0	1	0	3	0	0
ADCK5	0	53	0	3	0	35	0	0
CPSF1	0	0	0	0	0	0	0	0
SLC39A4	0	92	0	5	0	58	0	0
VPS28	0	21	0	3	0	18	0	0
TONSL	0	125	0	7	0	112	0	0
CYHR1	0	27	0	0	0	5	0	0
KIFC2	0	88	0	4	0	64	0	0
FOXH1	0	0	0	0	0	1	0	0
PPP1R16A	0	96	0	3	0	53	0	0
GPT	0	0	0	0	0	0	0	0
MFSD3	0	0	0	0	0	0	0	0
RECQL4	0	5	0	5	0	1	0	0
LRRC14	0	46	0	2	0	43	0	0
LRRC24	0	0	0	0	0	0	0	0
C8orf82	0	0	0	0	0	0	0	0
ARHGAP39	0	93	0	11	0	78	0	0
ZNF251	0	22	0	0	0	22	0	0
ZNF34	0	34	0	2	0	9	0	0
RPL8	0	23	0	0	0	17	0	0
ZNF517	0	45	0	4	0	29	0	0
ZNF7	0	6	0	0	0	2	0	0
COMMD5	0	11	0	2	0	10	0	0
ZNF250	0	35	0	0	0	27	0	0
ZNF16	0	36	0	1	0	38	0	0
C8orf33	0	21	0	1	0	10	0	0
