#Gene	syn.obs	syn.haps	lgd.obs	lgd.haps	dmis.obs	dmis.haps	lgd/dmis.obs	lgd/dmis.haps
FAM110C	0	34	0	3	0	22	0	0
SH3YL1	0	19	0	6	0	23	0	0
ACP1	0	7	0	1	0	6	0	0
ALKAL2	0	6	0	0	0	2	0	0
TMEM18	0	12	0	7	0	9	0	0
SNTG2	0	43	0	10	0	55	0	0
TPO	0	80	0	8	0	71	0	0
PXDN	1	148	0	1	0	118	0	0
MYT1L	0	98	0	0	0	46	0	0
EIPR1	0	23	0	0	0	16	0	0
TRAPPC12	0	63	0	2	0	84	0	0
ADI1	0	12	0	2	0	43	0	0
AC108488.2	0	3	0	0	0	1	0	0
RNASEH1	0	67	0	0	0	10	0	0
RPS7	0	12	0	1	0	7	0	0
COLEC11	0	30	0	1	0	20	0	0
ALLC	0	46	0	2	0	33	0	0
DCDC2C	0	43	0	5	0	23	0	0
SOX11	0	28	0	0	0	20	0	0
CMPK2	0	35	0	4	0	22	0	0
RSAD2	0	12	0	4	0	32	0	0
RNF144A	0	20	0	1	0	20	0	0
ID2	0	16	0	0	0	7	0	0
KIDINS220	0	81	0	8	0	112	0	0
MBOAT2	0	15	0	3	0	16	0	0
ASAP2	1	61	0	0	0	33	0	0
ITGB1BP1	0	5	0	1	0	16	0	0
CPSF3	0	25	0	7	0	25	0	0
IAH1	0	16	0	2	0	26	0	0
ADAM17	0	43	0	1	0	60	0	0
YWHAQ	0	10	0	0	0	7	0	0
TAF1B	0	27	0	50	0	71	0	0
GRHL1	0	35	0	1	0	75	0	0
KLF11	0	30	0	4	0	67	0	0
CYS1	0	14	0	1	0	10	0	0
RRM2	0	12	0	1	0	16	0	0
AC007240.1	0	12	0	1	0	16	0	0
HPCAL1	0	31	0	0	0	6	0	0
ODC1	0	40	0	1	0	36	0	0
NOL10	0	18	0	2	0	81	0	0
ATP6V1C2	0	29	0	2	0	49	0	0
PDIA6	0	36	0	2	0	44	0	0
KCNF1	0	43	0	0	0	9	0	0
C2orf50	0	9	0	12	0	14	0	0
PQLC3	0	13	0	2	0	14	0	0
ROCK2	0	26	0	1	0	55	0	0
E2F6	0	6	0	1	0	12	0	0
GREB1	1	199	0	7	0	162	0	0
NTSR2	0	46	0	19	0	48	0	0
LPIN1	0	56	0	10	0	62	0	0
TRIB2	0	23	0	0	0	38	0	0
FAM84A	0	14	0	0	0	19	0	0
NBAS	1	132	0	19	0	191	0	0
DDX1	0	37	0	2	0	32	0	0
MYCN	0	42	0	0	0	25	0	0
FAM49A	0	9	0	1	0	20	0	0
RAD51AP2	0	65	0	25	0	20	0	0
VSNL1	0	8	0	0	0	7	0	0
SMC6	0	76	0	30	0	78	0	0
GEN1	0	19	0	12	0	29	0	0
MSGN1	0	21	0	2	0	8	0	0
KCNS3	0	65	0	5	0	50	0	0
RDH14	0	4	0	1	0	15	0	0
NT5C1B-RDH14	0	47	0	9	0	63	0	0
NT5C1B	0	45	0	8	0	56	0	0
OSR1	0	18	0	0	0	12	0	0
TTC32	0	8	0	3	0	19	0	0
WDR35	0	49	0	16	0	99	0	0
MATN3	0	24	0	4	0	18	0	0
LAPTM4A	0	4	0	2	0	11	0	0
SDC1	0	31	0	0	0	30	0	0
PUM2	0	55	0	8	0	65	0	0
RHOB	0	21	0	1	0	3	0	0
HS1BP3	0	70	0	0	0	51	0	0
GDF7	0	41	0	1	0	47	0	0
LDAH	0	12	0	0	0	14	0	0
APOB	2	273	0	963	1	1225	0	0
TDRD15	0	0	0	0	0	0	0	0
KLHL29	0	72	0	0	0	95	0	0
ATAD2B	0	68	0	2	0	58	0	0
UBXN2A	0	12	0	1	0	33	0	0
MFSD2B	0	62	0	5	0	76	0	0
WDCP	0	20	0	2	0	20	0	0
FKBP1B	0	1	0	0	0	2	0	0
SF3B6	0	2	0	1	0	0	0	0
FAM228B	0	1008	0	7	0	24	0	0
TP53I3	0	9	0	5	0	13	0	0
PFN4	0	1004	0	2	0	11	0	0
AC008073.3	0	6	0	1	0	10	0	0
FAM228A	0	17	0	2	0	16	0	0
ITSN2	0	61	0	21	0	113	0	0
NCOA1	0	67	0	0	0	77	0	0
PTRHD1	0	0	0	0	0	0	0	0
CENPO	0	11	0	2	0	10	0	0
ADCY3	0	103	0	3	0	84	0	0
DNAJC27	0	22	0	1	0	21	0	0
EFR3B	0	42	0	5	0	57	0	0
POMC	0	17	0	2	0	26	0	0
DNMT3A	0	59	0	4	0	39	0	0
DTNB	0	28	0	9	0	86	0	0
ASXL2	0	78	0	0	0	66	0	0
KIF3C	0	33	0	0	0	66	0	0
RAB10	0	10	0	0	0	0	0	0
GAREM2	0	37	0	5	0	45	0	0
HADHA	0	28	0	7	0	47	0	0
HADHB	0	28	0	7	0	35	0	0
ADGRF3	1	1264	0	24	0	67	0	0
SELENOI	1	1276	0	25	0	90	0	0
DRC1	0	115	0	16	0	68	0	0
OTOF	0	180	0	34	3	273	0	0
C2orf70	0	5	0	0	0	10	0	0
CIB4	0	16	0	2	0	18	0	0
KCNK3	0	29	0	0	0	33	0	0
SLC35F6	0	18	0	1	0	22	0	0
CENPA	0	22	0	6	0	25	0	0
DPYSL5	0	42	0	0	0	33	0	0
MAPRE3	0	16	0	1	0	12	0	0
TMEM214	1	42	0	2	0	47	0	0
AGBL5	0	45	0	3	1	90	0	0
OST4	0	0	0	0	0	0	0	0
EMILIN1	0	16	0	1	0	23	0	0
KHK	0	7	0	0	0	18	0	0
CGREF1	0	746	0	12	0	7	0	0
ABHD1	0	1	0	0	0	0	0	0
PREB	0	33	0	1	0	38	0	0
PRR30	0	0	0	0	0	0	0	0
TCF23	0	6	0	0	0	28	0	0
SLC5A6	0	75	0	7	0	36	0	0
ATRAID	0	0	0	0	0	0	0	0
CAD	1	177	0	1	0	180	0	0
SLC30A3	0	31	0	2	0	23	0	0
DNAJC5G	0	5	0	1	0	16	0	0
TRIM54	0	6	0	10	0	10	0	0
UCN	0	0	0	0	0	0	0	0
MPV17	0	10	0	2	0	13	0	0
GTF3C2	0	65	0	1	0	35	0	0
EIF2B4	0	5	0	0	0	6	0	0
SNX17	0	27	0	2	0	31	0	0
ZNF513	0	0	0	0	0	0	0	0
PPM1G	0	3	0	0	0	10	0	0
NRBP1	0	47	0	0	0	16	0	0
KRTCAP3	0	0	0	0	0	0	0	0
IFT172	0	58	0	11	0	174	0	0
FNDC4	0	0	0	0	0	0	0	0
GCKR	0	42	0	19	0	49	0	0
C2orf16	0	13	0	2	0	1	0	0
ZNF512	0	1016	0	1	0	26	0	0
CCDC121	0	0	0	0	0	0	0	0
GPN1	0	15	0	3	0	31	0	0
SUPT7L	0	5	0	4	0	28	0	0
SLC4A1AP	0	27	0	13	0	39	0	0
MRPL33	0	9	0	9	0	20	0	0
RBKS	0	7	0	9	0	15	0	0
BABAM2	0	6	0	0	0	15	0	0
FOSL2	0	26	0	0	0	24	0	0
PLB1	0	80	0	30	0	119	0	0
PPP1CB	0	7	0	0	0	2	0	0
SPDYA	0	27	0	3	0	13	0	0
TRMT61B	0	39	0	4	0	18	0	0
WDR43	0	32	0	1	0	41	0	0
TOGARAM2	0	122	0	23	0	113	0	0
PCARE	0	77	0	11	1	1024	0	0
CLIP4	0	54	0	1	0	36	0	0
ALK	0	373	0	4	0	113	0	0
YPEL5	0	2	0	0	0	5	0	0
LBH	0	19	0	0	0	16	0	0
LCLAT1	0	29	0	3	0	27	0	0
CAPN13	0	52	0	7	0	41	0	0
GALNT14	0	28	0	17	0	56	0	0
CAPN14	0	11	0	11	0	6	0	0
EHD3	0	64	0	3	0	53	0	0
XDH	0	94	0	32	1	193	0	0
SRD5A2	0	11	0	2	0	0	0	0
MEMO1	0	11	0	1	0	12	0	0
DPY30	0	14	0	1	0	16	0	0
SPAST	0	11	0	0	0	68	0	0
SLC30A6	0	17	0	3	0	32	0	0
NLRC4	0	17	0	6	0	5	0	0
YIPF4	0	7	0	1	0	18	0	0
BIRC6	0	218	0	3	1	324	0	0
TTC27	0	41	0	14	0	89	0	0
LTBP1	0	65	0	2	0	146	0	0
RASGRP3	0	44	0	3	1	65	0	0
FAM98A	0	37	0	2	0	72	0	0
CRIM1	0	57	0	0	0	83	0	0
FEZ2	0	18	0	2	0	42	0	0
VIT	0	36	0	15	0	73	0	0
STRN	0	32	0	0	0	64	0	0
HEATR5B	0	105	0	8	0	115	0	0
GPATCH11	0	1	0	3	0	15	0	0
EIF2AK2	0	41	0	4	0	11	0	0
SULT6B1	0	18	0	3	0	21	0	0
CEBPZOS	0	9	0	4	0	13	0	0
CEBPZ	0	19	0	6	0	30	0	0
NDUFAF7	0	12	0	6	0	20	0	0
PRKD3	0	33	0	1	0	51	0	0
QPCT	0	9	0	13	0	48	0	0
CDC42EP3	0	20	0	2	0	25	0	0
RMDN2	0	57	0	12	0	37	0	0
CYP1B1	0	7	0	7	0	25	0	0
ATL2	0	30	0	1	0	51	0	0
HNRNPLL	0	5	0	4	0	13	0	0
GALM	0	19	0	7	1	36	0	0
SRSF7	0	7	0	0	0	10	0	0
GEMIN6	0	13	0	1	0	12	0	0
DHX57	0	43	0	3	1	50	0	0
MORN2	0	5	0	4	0	18	0	0
ARHGEF33	0	71	0	6	0	71	0	0
SOS1	0	49	0	2	0	67	0	0
CDKL4	0	17	0	5	0	12	0	0
MAP4K3	0	35	0	3	0	68	0	0
TMEM178A	0	20	0	0	0	18	0	0
THUMPD2	0	20	0	7	0	27	0	0
SLC8A1	0	66	0	1	0	56	0	0
C2orf91	0	0	0	0	0	0	0	0
PKDCC	1	32	0	1	0	69	0	0
EML4	0	68	0	1	0	74	0	0
COX7A2L	0	2	0	1	0	25	0	0
KCNG3	0	35	0	1	0	12	0	0
MTA3	0	29	0	3	0	34	0	0
OXER1	0	0	0	0	0	0	0	0
HAAO	0	29	0	1	0	28	0	0
ZFP36L2	1	88	0	1	0	65	0	0
THADA	0	16	0	9	0	41	0	0
PLEKHH2	0	80	0	13	1	117	0	0
C1GALT1C1L	0	0	0	0	0	0	0	0
DYNC2LI1	0	10	0	5	0	37	0	0
ABCG5	0	47	0	4	1	60	0	0
ABCG8	0	58	0	7	0	101	0	0
LRPPRC	0	65	0	1	0	104	0	0
PPM1B	0	33	0	3	0	25	0	0
AC013717.1	0	64	0	15	0	94	0	0
SLC3A1	0	34	0	12	0	76	0	0
PREPL	1	47	0	5	0	87	0	0
CAMKMT	0	23	0	0	0	28	0	0
SIX3	0	34	0	2	0	37	0	0
SIX2	0	27	0	1	0	40	0	0
SRBD1	0	61	0	3	0	79	0	0
PRKCE	0	36	0	13	0	30	0	0
EPAS1	0	62	0	1	0	52	0	0
TMEM247	0	0	0	0	0	0	0	0
ATP6V1E2	0	19	0	2	0	18	0	0
RHOQ	0	5	0	0	0	7	0	0
PIGF	0	0	0	0	0	0	0	0
CRIPT	0	5	0	2	0	5	0	0
SOCS5	0	29	0	1	0	32	0	0
MCFD2	0	10	0	0	0	20	0	0
TTC7A	1	65	0	8	0	103	0	0
STPG4	0	34	0	3	0	46	0	0
AC073283.3	0	27	0	2	0	21	0	0
CALM2	0	18	0	0	0	1	0	0
EPCAM	0	12	0	0	0	25	0	0
MSH2	0	95	0	9	0	105	0	0
KCNK12	0	47	0	0	0	13	0	0
MSH6	0	91	0	7	0	140	0	0
FBXO11	0	119	0	6	0	188	0	0
FOXN2	0	29	0	3	0	21	0	0
PPP1R21	0	34	0	3	1	84	0	0
STON1	0	27	0	10	0	38	0	0
STON1-GTF2A1L	0	64	0	18	0	123	0	0
GTF2A1L	0	33	0	6	0	75	0	0
AC073082.1	0	36	0	3	0	80	0	0
LHCGR	0	30	0	2	0	60	0	0
FSHR	0	11	0	1	0	26	0	0
NRXN1	0	87	0	1	0	100	0	0
ASB3	0	33	0	3	0	67	0	0
GPR75-ASB3	0	69	0	6	0	164	0	0
CHAC2	0	0	0	0	0	0	0	0
ERLEC1	0	15	0	1	0	39	0	0
GPR75	0	22	0	2	0	59	0	0
PSME4	0	30	0	1	0	24	0	0
ACYP2	0	8	0	1	0	3	0	0
TSPYL6	0	0	0	0	0	0	0	0
C2orf73	0	6	0	2	0	0	0	0
SPTBN1	0	158	0	11	3	174	0	0
EML6	0	188	0	7	1	200	0	0
RTN4	0	24	0	0	0	63	0	0
CLHC1	0	24	0	3	0	32	0	0
RPS27A	0	0	0	0	0	0	0	0
MTIF2	0	32	0	4	0	63	0	0
CCDC88A	0	107	0	0	1	127	0	0
CFAP36	0	12	0	4	0	20	0	0
PPP4R3B	0	9	0	0	0	12	0	0
PNPT1	0	5	0	1	0	15	0	0
EFEMP1	0	44	0	1	0	28	0	0
CCDC85A	0	32	0	1	0	46	0	0
VRK2	0	21	0	7	0	37	0	0
FANCL	0	22	0	3	0	26	0	0
BCL11A	0	83	0	0	0	56	0	0
PAPOLG	0	51	0	2	0	26	0	0
REL	0	26	0	2	0	14	0	0
PUS10	0	22	0	2	0	58	0	0
PEX13	0	10	0	4	0	59	0	0
KIAA1841	0	34	0	3	0	49	0	0
C2orf74	0	0	0	0	0	0	0	0
USP34	0	154	0	1	0	217	0	0
XPO1	0	60	0	0	0	21	0	0
FAM161A	0	3	0	0	0	3	0	0
CCT4	0	24	0	2	0	61	0	0
COMMD1	0	21	0	2	0	10	0	0
B3GNT2	0	12	0	0	0	20	0	0
TMEM17	0	7	0	0	0	7	0	0
EHBP1	0	56	0	4	0	100	0	0
OTX1	0	12	0	0	0	23	0	0
WDPCP	0	35	0	2	0	59	0	0
MDH1	0	22	0	0	0	17	0	0
UGP2	0	29	0	1	0	35	0	0
VPS54	0	48	0	0	0	68	0	0
PELI1	0	577	0	0	0	22	0	0
LGALSL	0	21	0	0	0	19	0	0
AFTPH	0	49	0	6	0	109	0	0
SERTAD2	0	18	0	1	0	19	0	0
SLC1A4	0	56	0	2	0	36	0	0
CEP68	0	53	0	2	0	35	0	0
RAB1A	0	51	0	1	0	32	0	0
ACTR2	0	24	0	1	0	6	0	0
SPRED2	0	23	0	5	0	50	0	0
MEIS1	0	23	0	0	0	10	0	0
ETAA1	0	48	0	3	0	42	0	0
C1D	0	14	0	1	0	9	0	0
WDR92	0	6	0	5	0	20	0	0
AC017083.3	0	12	0	6	0	58	0	0
PNO1	0	5	0	1	0	37	0	0
PPP3R1	0	1	0	0	0	2	0	0
CNRIP1	0	12	0	0	0	17	0	0
PLEK	0	5	0	0	0	35	0	0
FBXO48	0	0	0	0	0	0	0	0
APLF	0	21	0	15	1	75	0	0
PROKR1	0	10	0	4	0	42	0	0
ARHGAP25	0	34	0	2	0	34	0	0
BMP10	0	16	0	0	0	24	0	0
GKN2	0	4	0	5	0	13	0	0
GKN1	0	10	0	0	0	3	0	0
ANTXR1	0	45	0	1	0	38	0	0
GFPT1	0	11	0	2	0	19	0	0
NFU1	0	11	0	2	0	11	0	0
AAK1	0	29	0	0	0	25	0	0
ANXA4	0	16	0	3	0	28	0	0
GMCL1	0	20	0	3	0	38	0	0
SNRNP27	0	4	0	3	0	13	0	0
MXD1	0	27	0	1	0	38	0	0
ASPRV1	1	35	0	1	0	13	0	0
PCBP1	0	32	0	0	0	25	0	0
C2orf42	0	45	0	3	1	71	0	0
TIA1	0	12	0	1	0	8	0	0
PCYOX1	0	9	0	8	0	15	0	0
SNRPG	0	0	0	0	0	1	0	0
FAM136A	0	5	0	4	0	14	0	0
TGFA	0	12	0	0	0	9	0	0
ADD2	0	60	0	0	2	54	0	0
FIGLA	0	13	0	0	0	20	0	0
CLEC4F	0	31	0	3	0	17	0	0
CD207	0	25	0	10	0	12	0	0
VAX2	0	56	0	5	0	102	0	0
ATP6V1B1	0	43	0	5	0	67	0	0
AC007040.2	0	84	0	9	0	90	0	0
ANKRD53	0	34	0	3	0	13	0	0
TEX261	0	7	0	1	0	10	0	0
NAGK	0	26	0	5	0	52	0	0
MCEE	0	7	0	9	0	11	0	0
MPHOSPH10	0	3	0	0	0	22	0	0
PAIP2B	0	2	0	0	0	4	0	0
ZNF638	0	75	0	4	1	149	0	0
DYSF	0	167	0	16	0	257	0	0
CYP26B1	0	62	0	0	1	74	0	0
EXOC6B	0	44	0	1	0	45	0	0
SPR	0	18	0	2	0	29	0	0
EMX1	0	35	0	0	0	22	0	0
SFXN5	0	33	0	7	0	44	0	0
RAB11FIP5	0	45	0	2	0	85	0	0
NOTO	0	5	0	1	0	13	0	0
SMYD5	0	16	0	0	0	5	0	0
PRADC1	0	7	0	0	0	22	0	0
CCT7	0	37	0	1	0	51	0	0
FBXO41	0	85	0	0	0	116	0	0
EGR4	0	46	0	3	2	59	0	0
ALMS1	0	44	0	10	0	83	0	0
NAT8	0	17	0	4	0	16	0	0
TPRKB	0	8	0	0	0	7	0	0
DUSP11	0	30	0	2	0	8	0	0
C2orf78	0	52	0	8	0	33	0	0
STAMBP	0	21	0	5	0	24	0	0
ACTG2	0	17	0	0	0	8	0	0
DGUOK	0	20	0	6	0	21	0	0
TET3	1	174	0	1	0	113	0	0
BOLA3	0	8	0	1	0	6	0	0
MOB1A	0	13	0	4	0	7	0	0
MTHFD2	0	17	0	2	0	16	0	0
AC006030.1	0	100	0	11	0	88	0	0
SLC4A5	0	86	0	11	0	76	0	0
DCTN1	0	91	0	2	1	139	0	0
AC005041.1	0	55	0	5	0	21	0	0
C2orf81	0	55	0	5	0	21	0	0
WDR54	0	0	0	0	0	0	0	0
RTKN	0	25	0	2	0	70	0	0
INO80B	0	26	0	1	0	37	0	0
INO80B-WBP1	0	26	0	1	0	37	0	0
WBP1	0	0	0	0	0	0	0	0
MOGS	0	0	0	0	0	0	0	0
MRPL53	0	10	0	0	0	10	0	0
CCDC142	0	10	0	0	0	15	0	0
TTC31	0	16	0	9	0	50	0	0
LBX2	0	0	0	0	0	0	0	0
PCGF1	0	7	0	0	0	14	0	0
TLX2	0	25	0	1	0	20	0	0
DQX1	0	0	0	0	0	0	0	0
AUP1	0	0	0	0	0	0	0	0
HTRA2	0	34	0	2	0	14	0	0
LOXL3	0	11	0	1	0	13	0	0
DOK1	0	24	0	3	0	17	0	0
M1AP	0	37	0	5	0	39	0	0
SEMA4F	0	31	0	2	0	36	0	0
HK2	0	90	0	2	0	106	0	0
POLE4	0	0	0	2	0	0	0	0
TACR1	0	29	0	1	0	15	0	0
EVA1A	0	20	0	0	0	21	0	0
MRPL19	0	19	0	7	0	30	0	0
GCFC2	0	23	0	20	1	70	0	0
LRRTM4	0	16	0	1	0	40	0	0
REG3G	0	12	0	6	0	5	0	0
REG1B	0	5	0	12	0	3	0	0
REG1A	0	2	0	1	0	6	0	0
REG3A	0	17	0	2	0	5	0	0
CTNNA2	0	92	0	8	0	97	0	0
LRRTM1	0	28	0	5	0	58	0	0
SUCLG1	0	22	0	1	0	31	0	0
DNAH6	0	985	0	39	3	319	0	0
TRABD2A	0	16	0	5	0	33	0	0
TMSB10	0	0	0	0	0	2	0	0
KCMF1	0	14	0	0	0	17	0	0
TCF7L1	0	53	0	0	0	84	0	0
TGOLN2	0	27	0	2	0	13	0	0
RETSAT	0	61	0	12	0	60	0	0
ELMOD3	0	12	0	3	0	14	0	0
CAPG	0	23	0	6	0	57	0	0
SH2D6	0	0	0	2	0	0	0	0
MAT2A	0	0	0	0	0	0	0	0
GGCX	0	50	0	8	0	69	0	0
VAMP8	0	5	0	0	0	13	0	0
VAMP5	0	0	0	0	0	0	0	0
RNF181	0	0	0	0	0	0	0	0
TMEM150A	0	19	0	0	0	8	0	0
USP39	0	24	0	4	0	25	0	0
C2orf68	0	6	0	1	0	7	0	0
SFTPB	0	43	0	8	0	16	0	0
GNLY	0	7	0	3	0	7	0	0
ATOH8	0	47	0	0	0	58	0	0
ST3GAL5	0	7	0	0	0	16	0	0
POLR1A	0	80	0	8	0	105	0	0
PTCD3	0	31	0	6	0	46	0	0
IMMT	0	26	0	1	0	21	0	0
MRPL35	0	4	0	2	0	1	0	0
REEP1	0	23	0	1	0	11	0	0
KDM3A	0	69	0	2	0	84	0	0
CHMP3	0	12	0	0	0	10	0	0
RNF103-CHMP3	0	41	0	2	0	70	0	0
RNF103	0	27	0	2	0	57	0	0
RMND5A	0	13	0	0	0	16	0	0
CD8A	0	18	0	2	0	11	0	0
CD8B	0	19	0	2	0	13	0	0
RGPD1	0	11	0	2	0	20	0	0
PLGLB1	0	0	0	0	0	0	0	0
PLGLB2	0	0	0	0	0	0	0	0
RGPD2	0	11	0	2	1	17	0	0
KRCC1	0	10	0	2	0	9	0	0
SMYD1	0	1245	0	1	0	97	0	0
FABP1	0	3	0	0	0	7	0	0
THNSL2	0	27	0	10	0	43	0	0
FOXI3	0	23	0	1	0	33	0	0
TEX37	0	17	0	3	0	17	0	0
EIF2AK3	0	324	0	2	0	61	0	0
RPIA	0	5	0	3	0	23	0	0
IGKV1-33	0	0	0	0	0	0	0	0
IGKV2-40	0	0	0	0	0	0	0	0
IGKV2D-40	0	0	0	0	0	0	0	0
IGKV1D-33	0	0	0	0	0	0	0	0
IGKV2D-29	0	0	0	0	0	0	0	0
IGKV2D-28	0	0	0	0	0	0	0	0
AL845331.2	0	0	0	0	0	0	0	0
TEKT4	0	34	0	2	0	56	0	0
MAL	0	8	0	0	0	7	0	0
MRPS5	0	38	0	0	0	35	0	0
ZNF514	0	11	0	5	0	25	0	0
ZNF2	0	24	0	14	0	18	0	0
AC092835.1	0	0	0	0	0	0	0	0
PROM2	0	80	0	5	0	56	0	0
KCNIP3	0	12	0	0	0	32	0	0
FAHD2A	0	34	0	5	0	43	0	0
TRIM43B	0	2	0	2	0	0	0	0
TRIM43	0	20	0	5	0	0	0	0
ANKRD36C	0	65	0	5	0	11	0	0
GPAT2	0	26	0	6	0	56	0	0
ADRA2B	0	33	0	3	0	44	0	0
ASTL	0	35	0	4	0	23	0	0
DUSP2	0	35	0	0	0	48	0	0
STARD7	0	28	0	1	0	47	0	0
TMEM127	0	21	0	1	0	30	0	0
CIAO1	0	0	0	0	0	0	0	0
SNRNP200	0	95	0	0	0	80	0	0
ITPRIPL1	0	24	0	7	0	49	0	0
NCAPH	0	17	0	2	0	33	0	0
NEURL3	0	4	0	5	0	2	0	0
ARID5A	0	50	0	1	0	26	0	0
KANSL3	0	0	0	1	0	0	0	0
FER1L5	0	70	0	6	0	51	0	0
LMAN2L	0	21	0	0	0	21	0	0
CNNM4	0	51	0	2	0	44	0	0
CNNM3	0	60	0	2	0	60	0	0
ANKRD23	0	40	0	11	0	90	0	0
ANKRD39	0	24	0	9	0	62	0	0
SEMA4C	0	54	0	8	0	71	0	0
FAM178B	0	29	0	13	0	21	0	0
FAHD2B	0	27	0	19	0	26	0	0
ANKRD36	0	92	0	59	0	32	0	0
ANKRD36B	0	37	0	6	0	0	0	0
COX5B	0	6	0	0	0	4	0	0
ACTR1B	0	44	0	2	0	36	0	0
C2orf92	0	0	0	0	0	0	0	0
ZAP70	0	53	0	1	0	44	0	0
TMEM131	0	97	0	1	1	162	0	0
VWA3B	0	0	0	7	0	0	0	0
CNGA3	0	72	0	6	0	54	0	0
INPP4A	0	67	0	3	0	77	0	0
COA5	0	0	0	0	0	1	0	0
UNC50	0	0	0	0	0	0	0	0
MGAT4A	0	12	0	3	0	36	0	0
KIAA1211L	1	56	0	2	0	56	0	0
TSGA10	0	26	0	3	1	63	0	0
C2orf15	0	1	0	1	0	1	0	0
AC079447.1	0	67	0	31	0	62	0	0
LIPT1	0	10	0	17	0	21	0	0
AC092587.1	0	25	0	22	0	35	0	0
MITD1	0	19	0	21	0	32	0	0
MRPL30	0	6	0	1	0	5	0	0
LYG2	0	22	0	5	0	9	0	0
LYG1	0	15	0	2	0	9	0	0
TXNDC9	0	7	0	1	0	13	0	0
EIF5B	0	46	0	4	0	59	0	0
REV1	0	78	0	3	0	64	0	0
AFF3	0	106	0	0	0	67	0	0
LONRF2	0	47	0	0	0	51	0	0
CHST10	0	31	0	0	0	43	0	0
NMS	0	0	0	4	0	8	0	0
PDCL3	0	4	0	2	0	24	0	0
NPAS2	0	66	0	0	0	49	0	0
RPL31	0	12	0	0	0	13	0	0
TBC1D8	0	93	0	6	0	99	0	0
CNOT11	0	37	0	3	0	15	0	0
RNF149	0	22	0	1	0	19	0	0
CREG2	0	9	0	8	0	17	0	0
RFX8	0	15	0	16	0	28	0	0
MAP4K4	1	49	0	2	0	66	0	0
IL1R2	0	23	0	3	0	29	0	0
IL1R1	0	20	0	0	0	3	0	0
IL1RL2	0	53	0	5	0	36	0	0
IL1RL1	0	49	0	6	0	52	0	0
IL18R1	1	74	0	7	0	70	0	0
IL18RAP	0	30	0	3	0	13	0	0
SLC9A4	0	52	0	6	0	62	0	0
SLC9A2	0	37	0	6	0	23	0	0
MFSD9	1	32	0	7	0	62	0	0
TMEM182	0	16	0	1	0	14	0	0
POU3F3	0	72	0	0	0	19	0	0
MRPS9	0	21	0	4	0	28	0	0
GPR45	0	19	0	1	0	28	0	0
TGFBRAP1	0	58	0	0	0	63	0	0
C2orf49	0	11	0	2	0	25	0	0
FHL2	0	26	0	0	0	43	0	0
NCK2	0	32	0	0	0	14	0	0
C2orf40	0	1001	0	2	0	14	0	0
UXS1	0	35	0	1	0	34	0	0
RGPD3	0	87	0	21	1	210	0	0
CD8B2	0	0	0	0	0	0	0	0
ST6GAL2	0	31	0	1170	0	34	0	0
RGPD4	0	95	0	36	1	184	0	0
SLC5A7	0	46	0	3	0	23	0	0
SULT1C3	0	13	0	7	0	27	0	0
SULT1C2	0	10	0	4	0	15	0	0
SULT1C4	0	17	0	4	0	9	0	0
GCC2	0	72	0	5	1	117	0	0
LIMS1	0	14	0	1	0	21	0	0
RANBP2	0	197	0	6	1	282	0	0
CCDC138	0	28	0	5	0	67	0	0
EDAR	0	41	0	4	0	35	0	0
SH3RF3	0	113	0	0	0	84	0	0
SEPT10	0	23	0	16	0	63	0	0
SOWAHC	0	40	0	0	0	29	0	0
RGPD5	0	1	0	0	0	1	0	0
LIMS3	0	0	0	0	0	0	0	0
LIMS3-LOC440895	0	0	0	0	0	0	0	0
MALL	0	10	0	1	0	2	0	0
NPHP1	0	41	0	8	0	35	0	0
MTLN	0	0	0	0	0	0	0	0
AC112229.3	0	0	0	0	0	0	0	0
LIMS4	0	0	0	0	0	0	0	0
RGPD6	0	0	0	0	0	3	0	0
BUB1	0	45	0	7	0	35	0	0
ACOXL	0	41	0	7	0	32	0	0
BCL2L11	0	9	0	0	0	22	0	0
ANAPC1	0	89	0	8	0	128	0	0
MERTK	0	36	0	4	0	72	0	0
TMEM87B	0	23	0	6	0	47	0	0
FBLN7	0	33	0	3	0	60	0	0
ZC3H8	0	8	0	2	0	9	0	0
ZC3H6	0	47	0	2	0	67	0	0
RGPD8	0	56	0	13	1	99	0	0
TTL	0	15	0	1	0	18	0	0
POLR1B	0	44	0	0	0	66	0	0
CHCHD5	0	8	0	2	0	20	0	0
SLC20A1	0	20	0	0	0	22	0	0
NT5DC4	0	3	0	1	0	30	0	0
CKAP2L	0	43	0	7	0	52	0	0
IL1A	0	25	0	2	0	11	0	0
IL1B	0	13	0	4	0	6	0	0
IL37	0	8	0	12	0	7	0	0
IL36G	0	8	0	1	0	15	0	0
IL36A	0	4	0	3	0	2	0	0
IL36B	0	8	0	10	0	3	0	0
IL36RN	0	12	0	1	0	19	0	0
IL1F10	0	12	0	5	0	4	0	0
IL1RN	0	20	0	0	0	11	0	0
PSD4	0	44	0	2	0	37	0	0
PAX8	0	38	0	0	0	67	0	0
CBWD2	0	25	0	3	0	20	0	0
FOXD4L1	0	0	0	0	0	0	0	0
RABL2A	0	15	0	2	0	8	0	0
SLC35F5	0	10	0	4	0	42	0	0
ACTR3	0	10	0	0	0	6	0	0
DPP10	0	41	0	9	0	70	0	0
DDX18	0	21	0	2	0	41	0	0
CCDC93	0	34	0	2	0	58	0	0
INSIG2	0	20	0	2	0	12	0	0
EN1	0	32	0	1	0	32	0	0
MARCO	0	43	0	13	0	32	0	0
C1QL2	0	28	0	1	0	18	0	0
STEAP3	0	41	0	1	0	91	0	0
C2orf76	0	8	0	1	0	5	0	0
DBI	0	9	0	5	0	5	0	0
TMEM37	0	1	0	0	0	0	0	0
SCTR	0	29	0	9	0	36	0	0
CFAP221	0	15	0	2	0	17	0	0
TMEM177	0	177	0	1	0	37	0	0
PTPN4	0	27	0	4	0	45	0	0
EPB41L5	0	30	0	2	0	56	0	0
TMEM185B	0	33	0	2	0	46	0	0
RALB	0	9	0	6	0	7	0	0
INHBB	0	28	0	1	0	30	0	0
GLI2	0	6	0	1	0	2	0	0
TFCP2L1	0	56	0	0	0	66	0	0
CLASP1	0	92	0	0	1	118	0	0
NIFK	0	12	0	13	0	11	0	0
TSN	0	15	0	0	0	3	0	0
CNTNAP5	0	66	0	1	0	90	0	0
GYPC	0	5	0	3	0	8	0	0
TEX51	0	0	0	0	0	0	0	0
BIN1	0	59	0	0	0	52	0	0
CYP27C1	0	35	0	2	0	22	0	0
ERCC3	0	55	0	16	0	64	0	0
MAP3K2	0	29	0	0	0	33	0	0
PROC	0	60	0	3	0	29	0	0
IWS1	0	43	0	2	0	27	0	0
MYO7B	0	171	0	13	0	163	0	0
LIMS2	0	62	0	8	0	119	0	0
GPR17	0	49	0	6	0	90	0	0
WDR33	0	82	0	7	1	68	0	0
SFT2D3	0	48	0	7	0	24	0	0
POLR2D	0	6	0	2	0	4	0	0
AMMECR1L	0	27	0	1	0	12	0	0
SAP130	0	69	0	0	0	59	0	0
UGGT1	0	53	0	4	0	113	0	0
HS6ST1	0	98	0	4	0	66	0	0
RAB6C	0	10	0	3	0	16	0	0
POTEF	1	88	0	14	0	100	0	0
CCDC74B	0	31	0	8	0	63	0	0
SMPD4	0	144	0	9	0	78	0	0
MZT2B	0	34	0	3	0	11	0	0
TUBA3E	0	4	0	2	0	8	0	0
CCDC115	0	11	0	4	0	4	0	0
IMP4	0	0	0	0	0	0	0	0
PTPN18	0	35	0	4	1	35	0	0
POTEI	0	110	0	8	0	83	0	0
CFC1B	0	0	0	0	0	0	0	0
CFC1	0	4	0	5	0	0	0	0
POTEJ	0	75	0	17	0	59	0	0
GPR148	0	27	0	1	0	24	0	0
AMER3	0	64	0	7	0	35	0	0
ARHGEF4	0	47	0	2	0	55	0	0
AC009477.2	0	0	0	0	0	0	0	0
FAM168B	0	13	0	0	0	12	0	0
PLEKHB2	0	123	0	21	0	154	0	0
POTEE	0	91	0	16	0	142	0	0
RAB6D	0	10	0	6	0	13	0	0
MZT2A	0	15	0	5	0	30	0	0
TUBA3D	0	1	0	2	0	13	0	0
CCDC74A	0	41	0	14	0	13	0	0
ANKRD30BL	0	0	0	0	0	0	0	0
GPR39	0	24	0	3	0	39	0	0
LYPD1	0	11	0	0	0	16	0	0
NCKAP5	1	127	0	2	0	148	0	0
MGAT5	0	32	0	0	0	43	0	0
TMEM163	0	12	0	0	0	11	0	0
ACMSD	0	21	0	4	0	36	0	0
CCNT2	0	23	0	2	0	29	0	0
MAP3K19	0	44	0	3	0	53	0	0
RAB3GAP1	0	51	0	8	0	45	0	0
ZRANB3	0	79	0	30	0	83	0	0
R3HDM1	0	45	0	4	0	80	0	0
UBXN4	0	32	0	5	0	33	0	0
LCT	0	97	0	4	0	63	0	0
MCM6	0	51	0	1	0	71	0	0
DARS	0	10	0	892	0	33	0	0
CXCR4	0	17	0	1	0	22	0	0
THSD7B	0	79	0	2	0	95	0	0
HNMT	0	9	0	4	0	17	0	0
SPOPL	0	12	0	2	0	27	0	0
NXPH2	0	10	0	0	0	6	0	0
LRP1B	1	199	0	2	1	327	0	0
KYNU	0	8	0	7	0	29	0	0
ARHGAP15	0	14	0	984	0	42	0	0
GTDC1	0	33	0	7	0	36	0	0
ZEB2	0	95	0	5	0	53	0	0
ACVR2A	0	16	0	0	0	10	0	0
ORC4	0	8	0	4	0	15	0	0
MBD5	0	90	0	1	1	133	0	0
EPC2	0	43	0	0	0	62	0	0
KIF5C	0	63	0	2	0	31	0	0
LYPD6B	0	8	0	2	0	15	0	0
LYPD6	0	9	0	10	0	26	0	0
MMADHC	0	4	0	1	0	26	0	0
RND3	0	28	0	1	0	18	0	0
RBM43	0	9	0	2	0	7	0	0
NMI	0	14	0	14	0	12	0	0
TNFAIP6	0	5	0	768	0	11	0	0
RIF1	1	194	0	9	1	187	0	0
NEB	1	351	0	23	3	656	0	0
ARL5A	0	8	0	0	0	19	0	0
AC068547.1	0	19	0	1	0	37	0	0
CACNB4	0	14	0	1	0	25	0	0
STAM2	0	12	0	3	0	37	0	0
FMNL2	0	36	0	4	0	62	0	0
PRPF40A	0	20	0	0	0	11	0	0
ARL6IP6	0	12	0	2	0	16	0	0
RPRM	0	4	0	0	0	11	0	0
GALNT13	0	37	0	10	1	37	0	0
KCNJ3	0	23	0	0	0	16	0	0
NR4A2	0	23	0	1	0	35	0	0
GPD2	0	34	0	6	1	76	0	0
GALNT5	0	22	0	5	0	62	0	0
ERMN	0	11	0	3	0	9	0	0
CYTIP	1	55	0	0	0	26	0	0
ACVR1C	0	40	0	1	0	25	0	0
ACVR1	0	35	0	2	0	45	0	0
UPP2	0	23	0	8	1	40	0	0
CCDC148	0	22	0	15	0	41	0	0
PKP4	0	34	0	5	1	70	0	0
DAPL1	0	12	0	4	0	22	0	0
TANC1	1	140	0	2	0	200	0	0
WDSUB1	0	18	0	5	0	29	0	0
BAZ2B	0	49	0	2	0	118	0	0
MARCH7	0	34	0	1	0	71	0	0
CD302	0	2	0	4	0	7	0	0
LY75-CD302	0	73	0	42	1	132	0	0
LY75	0	71	0	38	1	125	0	0
PLA2R1	0	70	0	25	0	105	0	0
ITGB6	0	80	0	3	0	80	0	0
RBMS1	0	14	0	6	0	13	0	0
TANK	0	15	0	1	0	23	0	0
PSMD14	0	8	0	1	0	4	0	0
TBR1	0	40	0	1	0	43	0	0
SLC4A10	0	45	0	1	0	46	0	0
DPP4	0	26	0	7	0	40	0	0
GCG	0	8	0	3	0	20	0	0
FAP	0	38	0	4	0	56	0	0
IFIH1	0	43	0	28	1	119	0	0
GCA	0	12	0	5	0	5	0	0
KCNH7	0	56	0	3	0	47	0	0
FIGN	0	65	0	1	0	72	0	0
GRB14	0	25	0	0	0	68	0	0
COBLL1	0	87	0	4	0	56	0	0
SLC38A11	0	40	0	3	0	40	0	0
SCN3A	0	1144	0	4	0	109	0	0
SCN2A	0	133	0	1	0	94	0	0
CSRNP3	0	33	0	0	0	40	0	0
GALNT3	0	16	0	4	0	55	0	0
TTC21B	0	84	0	13	0	93	0	0
SCN1A	0	59	0	2	0	85	0	0
SCN9A	0	108	0	17	0	141	0	0
SCN7A	0	88	0	15	1	88	0	0
XIRP2	0	74	0	15	0	77	0	0
B3GALT1	0	25	0	0	0	17	0	0
STK39	0	397	0	0	0	15	0	0
CERS6	0	12	0	1	0	28	0	0
NOSTRIN	0	29	0	2	0	40	0	0
SPC25	0	33	0	6	0	67	0	0
G6PC2	0	0	0	2	0	20	0	0
ABCB11	0	80	0	6	0	79	0	0
DHRS9	0	10	0	5	0	29	0	0
LRP2	3	275	0	4	2	326	0	0
BBS5	0	13	0	1	0	25	0	0
AC093899.2	0	45	0	5	0	69	0	0
KLHL41	0	34	0	4	0	44	0	0
FASTKD1	0	51	0	1	0	26	0	0
PPIG	0	46	0	0	0	62	0	0
CCDC173	0	9	0	1	0	26	0	0
PHOSPHO2	0	0	0	0	0	0	0	0
KLHL23	0	27	0	0	0	45	0	0
SSB	0	9	0	0	0	6	0	0
METTL5	0	16	0	0	0	27	0	0
UBR3	0	73	0	2	0	85	0	0
MYO3B	0	62	0	16	0	123	0	0
SP5	0	51	0	0	0	42	0	0
ERICH2	0	14	0	1	0	12	0	0
GAD1	0	47	0	0	0	30	0	0
GORASP2	0	33	0	0	0	23	0	0
TLK1	0	1	0	1	0	4	0	0
METTL8	0	15	0	6	0	40	0	0
DCAF17	0	27	0	3	0	41	0	0
CYBRD1	0	10	0	0	0	18	0	0
DYNC1I2	0	16	0	7	0	34	0	0
SLC25A12	0	13	0	1	0	27	0	0
HAT1	0	10	0	0	0	20	0	0
METAP1D	0	9	0	4	0	55	0	0
DLX1	0	2	0	0	0	2	0	0
DLX2	0	33	0	1	0	30	0	0
ITGA6	0	29	0	2	0	57	0	0
PDK1	0	44	0	6	0	29	0	0
RAPGEF4	0	47	0	0	0	123	0	0
MAP3K20	0	35	0	5	0	71	0	0
CDCA7	0	23	0	1	0	21	0	0
SP3	0	52	0	0	0	45	0	0
OLA1	0	26	0	0	0	30	0	0
SP9	0	60	0	0	0	29	0	0
CIR1	0	19	0	14	0	27	0	0
SCRN3	0	15	0	4	0	24	0	0
GPR155	0	46	0	9	0	50	0	0
WIPF1	0	31	0	1	0	62	0	0
CHRNA1	0	53	0	5	0	34	0	0
CHN1	0	33	0	1	0	27	0	0
ATF2	0	20	0	0	0	37	0	0
ATP5MC3	0	17	0	2	0	17	0	0
LNPK	0	10	0	4	0	21	0	0
EVX2	0	54	0	1	0	73	0	0
HOXD13	0	29	0	1	0	44	0	0
HOXD12	0	0	0	0	0	0	0	0
HOXD11	0	27	0	2	0	47	0	0
HOXD10	0	22	0	0	0	47	0	0
HOXD9	0	19	0	1	0	38	0	0
HOXD8	0	39	0	3	0	26	0	0
HOXD3	0	26	0	2	0	59	0	0
AC009336.2	0	26	0	2	0	59	0	0
HOXD4	0	6	0	0	0	27	0	0
HOXD1	0	27	0	19	0	16	0	0
MTX2	0	9	0	2	0	13	0	0
HNRNPA3	0	13	0	2	0	8	0	0
NFE2L2	0	25	0	1	0	35	0	0
AGPS	0	113	0	6	0	260	0	0
TTC30B	0	84	0	6	0	223	0	0
TTC30A	0	42	0	0	0	47	0	0
PDE11A	0	40	0	23	2	98	0	0
RBM45	0	16	0	5	0	38	0	0
OSBPL6	0	46	0	1	0	64	0	0
PRKRA	0	9	0	10	0	16	0	0
PJVK	0	4	0	0	0	0	0	0
FKBP7	0	5	0	2	0	9	0	0
PLEKHA3	0	6	0	1	0	11	0	0
TTN	20	1153	0	51	115	2599	0	0
CCDC141	0	59	0	20	0	95	0	0
SESTD1	0	4	0	1	0	6	0	0
ZNF385B	0	14	0	0	0	25	0	0
CWC22	0	29	0	2	0	38	0	0
UBE2E3	0	8	0	0	0	4	0	0
ITGA4	0	34	0	7	0	38	0	0
CERKL	1	45	0	11	0	47	0	0
NEUROD1	0	17	0	0	0	26	0	0
ITPRID2	0	45	0	4	1	103	0	0
PPP1R1C	0	2	0	0	0	11	0	0
PDE1A	0	24	0	2	0	38	0	0
DNAJC10	0	17	0	4	0	57	0	0
FRZB	0	18	0	3	0	56	0	0
NCKAP1	1	38	0	0	0	36	0	0
DUSP19	0	6	0	5	0	8	0	0
NUP35	0	8	0	2	0	21	0	0
ZNF804A	0	49	0	3	0	64	0	0
FSIP2	0	62	0	13	0	43	0	0
ZC3H15	0	5	0	0	0	15	0	0
ITGAV	0	28	0	2	0	69	0	0
FAM171B	0	52	0	0	0	46	0	0
ZSWIM2	0	722	0	715	0	34	0	0
CALCRL	0	13	0	2	0	16	0	0
TFPI	0	11	0	0	0	2	0	0
GULP1	0	8	0	0	0	19	0	0
DIRC1	0	8	0	0	0	0	0	0
COL3A1	0	56	0	3	0	82	0	0
COL5A2	0	73	0	4	0	134	0	0
WDR75	0	33	0	4	0	74	0	0
SLC40A1	0	15	0	2	0	29	0	0
ASNSD1	0	26	0	11	0	26	0	0
ANKAR	0	54	0	22	0	109	0	0
OSGEPL1	0	16	0	2	0	28	0	0
ORMDL1	0	20	0	2	0	10	0	0
PMS1	0	8	0	1	0	8	0	0
C2orf88	0	26	0	7	0	56	0	0
MSTN	0	25	0	6	0	46	0	0
HIBCH	0	21	0	5	0	44	0	0
INPP1	0	13	0	1	0	17	0	0
MFSD6	0	36	0	5	0	19	0	0
NEMP2	0	6	0	0	0	11	0	0
NAB1	0	51	0	0	0	32	0	0
GLS	0	28	0	0	0	32	0	0
STAT1	0	33	0	0	0	10	0	0
STAT4	0	52	0	0	0	23	0	0
MYO1B	0	51	0	0	0	66	0	0
NABP1	0	0	0	1	0	1	0	0
CAVIN2	0	23	0	4	0	31	0	0
TMEFF2	0	9	0	2	0	24	0	0
SLC39A10	0	22	0	1	0	49	0	0
DNAH7	0	187	0	70	2	357	0	0
STK17B	0	17	0	2	0	19	0	0
HECW2	0	108	0	7	0	93	0	0
CCDC150	0	33	0	8	0	68	0	0
GTF3C3	0	36	0	4	0	31	0	0
C2orf66	0	2	0	1	0	3	0	0
PGAP1	0	46	0	1	0	40	0	0
ANKRD44	0	74	0	0	0	57	0	0
SF3B1	0	75	0	2	0	28	0	0
COQ10B	0	7	0	1	0	7	0	0
HSPD1	0	25	0	0	0	18	0	0
HSPE1	0	5	0	0	0	4	0	0
HSPE1-MOB4	0	6	0	1	0	8	0	0
MOB4	0	1	0	1	0	4	0	0
RFTN2	0	32	0	2	0	12	0	0
MARS2	0	62	0	3	0	44	0	0
BOLL	0	2	0	3	0	7	0	0
PLCL1	0	31	0	2	0	77	0	0
SATB2	0	80	0	0	0	23	0	0
FTCDNL1	0	0	0	0	0	0	0	0
C2orf69	0	989	0	5	0	54	0	0
TYW5	0	1	0	5	0	16	0	0
MAIP1	0	20	0	7	0	16	0	0
SPATS2L	0	30	0	7	0	41	0	0
KCTD18	0	50	0	1	0	46	0	0
SGO2	0	47	0	8	0	25	0	0
AOX1	0	50	0	11	0	94	0	0
BZW1	0	11	0	0	0	6	0	0
CLK1	0	38	0	4	0	37	0	0
PPIL3	0	7	0	0	0	4	0	0
NIF3L1	0	2	0	5	0	14	0	0
ORC2	0	25	0	0	0	34	0	0
FAM126B	0	0	0	0	0	4	0	0
NDUFB3	0	3	0	5	0	7	0	0
CFLAR	0	30	0	0	0	8	0	0
CASP10	0	22	0	7	0	20	0	0
CASP8	0	10	0	2	1	11	0	0
ALS2CR12	0	10	0	5	0	19	0	0
TRAK2	0	45	0	11	0	66	0	0
STRADB	0	42	0	15	0	72	0	0
C2CD6	0	17	0	23	0	12	0	0
TMEM237	0	4	0	5	0	3	0	0
MPP4	0	21	0	10	0	36	0	0
ALS2	0	81	0	9	1	110	0	0
CDK15	0	26	0	7	0	35	0	0
FZD7	0	41	0	0	0	41	0	0
KIAA2012	0	0	0	3	0	0	0	0
SUMO1	0	0	0	0	0	1	0	0
NOP58	0	29	0	4	0	41	0	0
BMPR2	0	20	0	0	0	31	0	0
FAM117B	0	29	0	5	0	34	0	0
ICA1L	0	6	0	6	0	12	0	0
WDR12	0	46	0	10	0	53	0	0
CARF	0	39	0	8	0	30	0	0
NBEAL1	0	95	0	17	1	174	0	0
CYP20A1	0	11	0	1	0	27	0	0
ABI2	0	35	0	0	0	23	0	0
RAPH1	0	59	0	2	0	55	0	0
CD28	0	12	0	0	0	11	0	0
CTLA4	0	9	0	0	0	9	0	0
ICOS	0	28	0	2	0	7	0	0
PARD3B	0	57	0	7	0	127	0	0
NRP2	1	93	0	6	0	86	0	0
INO80D	0	67	0	0	0	68	0	0
NDUFS1	0	31	0	3	1	71	0	0
EEF1B2	0	0	0	0	0	0	0	0
GPR1	0	11	0	4	0	26	0	0
ZDBF2	0	132	0	9	0	37	0	0
ADAM23	0	33	0	1	0	52	0	0
FAM237A	0	5	0	0	0	0	0	0
DYTN	0	21	0	2	0	9	0	0
MDH1B	0	27	0	5	0	21	0	0
FASTKD2	0	35	0	5	0	27	0	0
CPO	0	16	0	3	0	35	0	0
KLF7	0	28	0	0	0	13	0	0
CREB1	0	5	0	1	0	4	0	0
METTL21A	0	13	0	8	0	28	0	0
CCNYL1	1	28	0	3	0	29	0	0
FZD5	0	58	0	0	0	43	0	0
PLEKHM3	0	28	0	4	0	42	0	0
CRYGD	0	18	0	3	0	20	0	0
CRYGC	0	7	0	2	0	21	0	0
CRYGB	0	12	0	3	0	17	0	0
CRYGA	0	14	0	2	0	16	0	0
C2orf80	0	7	0	4	0	18	0	0
IDH1	0	21	0	5	0	53	0	0
PIKFYVE	1	109	0	9	0	132	0	0
PTH2R	0	32	0	13	0	71	0	0
MAP2	0	19	0	2	0	27	0	0
UNC80	2	212	0	8	1	246	0	0
RPE	0	2	0	1	0	11	0	0
KANSL1L	0	37	0	7	0	56	0	0
ACADL	0	42	0	7	0	40	0	0
MYL1	0	11	0	5	1	57	0	0
LANCL1	0	19	0	0	0	45	0	0
CPS1	0	57	0	5	0	1012	0	0
ERBB4	0	65	0	1	0	92	0	0
IKZF2	0	32	0	3	0	45	0	0
SPAG16	0	20	0	5	0	35	0	0
VWC2L	0	16	0	0	0	15	0	0
BARD1	0	37	0	9	0	47	0	0
ABCA12	0	151	0	13	1	184	0	0
ATIC	0	32	0	12	0	59	0	0
FN1	0	173	0	0	0	247	0	0
MREG	0	8	0	3	0	15	0	0
PECR	0	15	0	2	0	23	0	0
TMEM169	0	26	0	0	0	31	0	0
XRCC5	0	25	0	0	0	23	0	0
MARCH4	0	30	0	2	0	26	0	0
SMARCAL1	0	54	0	8	0	64	0	0
RPL37A	0	0	0	0	0	0	0	0
IGFBP2	0	16	0	0	0	57	0	0
IGFBP5	0	12	0	0	0	37	0	0
TNP1	0	10	0	0	0	4	0	0
TNS1	0	117	0	5	1	834	0	0
RUFY4	0	45	0	12	0	49	0	0
CXCR2	0	45	0	0	0	21	0	0
CXCR1	0	36	0	5	0	64	0	0
ARPC2	0	29	0	0	0	10	0	0
GPBAR1	0	0	0	0	0	0	0	0
AAMP	0	28	0	1	0	37	0	0
PNKD	0	27	0	16	0	56	0	0
TMBIM1	0	15	0	1	0	13	0	0
CATIP	0	21	0	4	0	68	0	0
SLC11A1	0	39	0	3	0	70	0	0
CTDSP1	0	17	0	0	0	20	0	0
VIL1	0	85	0	6	0	102	0	0
USP37	0	39	0	0	0	55	0	0
CNOT9	0	14	0	0	0	5	0	0
PLCD4	0	23	0	9	0	46	0	0
ZNF142	0	87	0	11	0	168	0	0
BCS1L	0	0	0	0	0	0	0	0
RNF25	0	21	0	2	0	37	0	0
STK36	0	98	0	9	0	60	0	0
TTLL4	0	76	0	4	0	98	0	0
CYP27A1	0	42	0	5	0	101	0	0
PRKAG3	0	44	0	2	0	43	0	0
WNT6	0	21	0	2	0	28	0	0
WNT10A	0	30	0	1	0	90	0	0
CDK5R2	0	19	0	0	0	16	0	0
FEV	0	22	0	4	0	5	0	0
CRYBA2	0	9	0	2	0	13	0	0
CFAP65	0	116	0	13	1	103	0	0
IHH	0	57	0	0	0	29	0	0
NHEJ1	0	0	0	0	0	0	0	0
AC068946.1	0	21	0	2	0	14	0	0
SLC23A3	0	21	0	2	0	14	0	0
CNPPD1	0	0	0	0	0	0	0	0
RETREG2	0	4	0	0	0	2	0	0
ZFAND2B	0	0	0	0	0	0	0	0
ABCB6	1	53	0	17	0	123	0	0
AC068946.2	1	53	0	17	0	123	0	0
ATG9A	0	20	0	0	0	25	0	0
ANKZF1	0	2	0	0	0	0	0	0
GLB1L	0	22	0	3	0	54	0	0
STK16	0	0	0	0	0	0	0	0
TUBA4A	0	34	0	1	0	16	0	0
TUBA4B	0	0	0	0	0	0	0	0
DNAJB2	0	8	0	2	0	20	0	0
PTPRN	1	41	0	3	0	97	0	0
RESP18	0	12	0	27	0	3	0	0
DNPEP	0	15	0	2	0	58	0	0
DES	0	38	0	6	0	45	0	0
SPEG	2	254	0	4	1	320	0	0
GMPPA	0	34	0	3	0	62	0	0
ASIC4	0	47	0	2	0	40	0	0
CHPF	0	81	0	9	0	84	0	0
TMEM198	0	7	0	1	0	39	0	0
OBSL1	0	53	0	3	0	84	0	0
INHA	0	26	0	0	0	32	0	0
STK11IP	0	11	0	1	0	16	0	0
SLC4A3	1	146	0	5	0	100	0	0
EPHA4	0	83	0	1	0	45	0	0
PAX3	0	19	0	0	0	55	0	0
CCDC140	0	4	0	1	0	2	0	0
SGPP2	0	18	0	1	0	39	0	0
FARSB	0	17	0	3	0	46	0	0
MOGAT1	0	22	0	4	0	24	0	0
ACSL3	0	33	0	1	0	34	0	0
KCNE4	0	11	0	2	0	551	0	0
SCG2	0	25	0	0	0	34	0	0
AP1S3	0	0	0	1	0	2	0	0
WDFY1	0	16	0	0	0	55	0	0
MRPL44	0	23	0	0	0	31	0	0
SERPINE2	0	22	0	0	0	19	0	0
FAM124B	0	9	0	2	0	13	0	0
CUL3	0	45	0	1	0	23	0	0
CCDC195	0	0	0	0	0	0	0	0
DOCK10	0	116	0	6	1	178	0	0
NYAP2	0	65	0	0	0	65	0	0
IRS1	0	123	0	0	0	113	0	0
RHBDD1	0	24	0	4	0	17	0	0
COL4A4	0	116	0	9	0	82	0	0
COL4A3	0	54	0	11	0	59	0	0
MFF	0	5	0	10	0	39	0	0
TM4SF20	0	7	0	3	0	30	0	0
SCYGR1	0	0	0	0	0	0	0	0
AGFG1	0	29	0	1	0	35	0	0
SCYGR2	0	0	0	0	0	0	0	0
C2orf83	0	0	0	0	0	0	0	0
SCYGR3	0	0	0	0	0	0	0	0
SCYGR4	0	0	0	0	0	0	0	0
SCYGR5	0	0	0	0	0	0	0	0
SLC19A3	0	51	0	2	0	17	0	0
SCYGR6	0	0	0	0	0	0	0	0
SCYGR7	0	0	0	0	0	0	0	0
SCYGR8	0	0	0	0	0	0	0	0
CCL20	0	4	0	0	0	5	0	0
DAW1	0	19	0	5	0	26	0	0
SPHKAP	0	70	0	7	0	140	0	0
PID1	0	14	0	2	0	23	0	0
DNER	0	63	0	1	0	59	0	0
TRIP12	0	94	0	0	0	120	0	0
FBXO36	0	8	0	7	0	20	0	0
SLC16A14	0	50	0	1	0	33	0	0
SP110	0	51	0	7	0	10	0	0
SP140	1	56	0	8	0	15	0	0
SP140L	0	24	0	10	0	9	0	0
SP100	0	39	0	8	0	10	0	0
CAB39	0	20	0	0	0	8	0	0
ITM2C	0	31	0	0	0	41	0	0
GPR55	0	27	0	2	0	12	0	0
SPATA3	0	0	0	0	0	0	0	0
C2orf72	0	37	0	5	0	17	0	0
PSMD1	0	82	0	2	0	80	0	0
HTR2B	0	40	0	2	0	32	0	0
ARMC9	0	47	0	1	0	82	0	0
B3GNT7	0	32	0	1	0	18	0	0
NCL	0	49	0	1	0	40	0	0
NMUR1	0	29	0	2	0	64	0	0
TEX44	0	14	0	9	0	7	0	0
PTMA	0	6	0	0	0	4	0	0
PDE6D	0	13	0	1	0	6	0	0
COPS7B	0	14	0	0	0	14	0	0
NPPC	0	10	0	0	0	6	0	0
DIS3L2	0	40	0	1	0	44	0	0
ALPP	0	95	0	9	0	77	0	0
ALPG	0	319	0	9	1	32	0	0
ALPI	0	64	0	3	0	51	0	0
ECEL1	0	53	0	5	0	107	0	0
PRSS56	0	2	0	0	0	1	0	0
CHRND	0	25	0	5	0	58	0	0
CHRNG	0	19	0	10	0	25	0	0
TIGD1	0	0	0	0	0	0	0	0
EIF4E2	0	11	0	1	0	14	0	0
EFHD1	0	14	0	1	0	28	0	0
GIGYF2	0	511	0	4	0	129	0	0
KCNJ13	0	9	0	1	0	25	0	0
SNORC	0	0	0	0	0	7	0	0
NGEF	0	34	0	5	0	39	0	0
NEU2	0	45	0	2	0	23	0	0
INPP5D	0	79	0	4	0	47	0	0
ATG16L1	0	30	0	0	0	23	0	0
SAG	0	21	0	3	0	54	0	0
DGKD	1	104	0	1	0	70	0	0
USP40	1	85	0	16	0	80	0	0
UGT1A8	0	98	0	21	1	96	0	0
UGT1A10	0	59	0	20	1	85	0	0
UGT1A9	0	36	0	8	0	55	0	0
UGT1A7	0	36	0	8	0	55	0	0
UGT1A6	0	36	0	8	0	55	0	0
UGT1A5	0	17	0	5	0	45	0	0
UGT1A4	0	17	0	5	0	45	0	0
UGT1A3	0	17	0	5	0	45	0	0
UGT1A1	0	17	0	5	0	45	0	0
MROH2A	0	125	0	40	1	189	0	0
HJURP	0	6	0	0	0	7	0	0
TRPM8	0	94	0	9	0	88	0	0
SPP2	0	8	0	6	0	10	0	0
ARL4C	0	18	0	0	0	7	0	0
SH3BP4	0	107	0	10	1	104	0	0
AGAP1	0	99	0	0	0	121	0	0
GBX2	0	19	0	0	0	15	0	0
ASB18	0	23	0	5	0	28	0	0
IQCA1	0	49	0	5	0	23	0	0
ACKR3	0	35	0	0	0	55	0	0
COPS8	0	2	0	1	0	8	0	0
COL6A3	0	279	0	10	2	361	0	0
MLPH	0	36	0	2	0	26	0	0
PRLH	0	1	0	3	0	22	0	0
RAB17	0	9	0	1	0	6	0	0
LRRFIP1	0	75	0	3	0	52	0	0
RBM44	0	24	0	18	0	28	0	0
RAMP1	0	12	0	0	0	13	0	0
UBE2F	0	3	0	0	0	11	0	0
UBE2F-SCLY	0	55	0	3	0	71	0	0
SCLY	0	52	0	3	0	60	0	0
ESPNL	0	482	0	12	1	73	0	0
KLHL30	0	50	0	8	1	99	0	0
ERFE	0	0	0	0	0	0	0	0
ILKAP	0	20	0	0	0	26	0	0
HES6	0	1	0	9	0	4	0	0
PER2	0	90	0	2	0	77	0	0
TRAF3IP1	0	1393	0	6	0	57	0	0
ASB1	0	19	0	1	0	25	0	0
TWIST2	0	11	0	0	0	5	0	0
HDAC4	1	146	0	0	0	98	0	0
NDUFA10	0	19	0	1	0	28	0	0
OR6B2	0	0	0	0	0	0	0	0
OR6B3	0	1231	0	3	0	16	0	0
COPS9	0	24	0	3	0	5	0	0
OTOS	0	0	0	0	0	0	0	0
GPC1	0	51	0	0	0	81	0	0
ANKMY1	1	137	0	15	0	112	0	0
DUSP28	0	0	0	0	0	0	0	0
RNPEPL1	0	101	0	3	0	44	0	0
CAPN10	0	12	0	10	0	28	0	0
GPR35	0	45	0	14	0	25	0	0
AQP12B	0	0	0	0	0	0	0	0
AQP12A	2	23	0	3	0	1160	0	0
KIF1A	0	213	0	1	0	145	0	0
AGXT	0	26	0	5	0	36	0	0
MAB21L4	0	63	0	1	0	47	0	0
CROCC2	1	59	0	2	1	49	0	0
SNED1	0	136	0	3	1	105	0	0
MTERF4	0	28	0	8	0	17	0	0
PASK	1	127	0	20	0	92	0	0
PPP1R7	0	11	0	0	0	31	0	0
ANO7	0	104	0	24	0	103	0	0
HDLBP	0	77	0	1	0	78	0	0
SEPT2	0	17	0	1	0	20	0	0
FARP2	0	81	0	15	0	108	0	0
STK25	0	21	0	0	0	8	0	0
BOK	0	25	0	0	0	45	0	0
THAP4	0	0	0	0	0	0	0	0
ATG4B	0	5	0	0	0	6	0	0
DTYMK	0	23	0	9	0	12	0	0
ING5	0	15	0	0	0	26	0	0
D2HGDH	0	50	0	0	0	53	0	0
GAL3ST2	0	26	0	6	0	42	0	0
NEU4	0	60	0	6	0	71	0	0
PDCD1	0	44	0	0	0	2	0	0
RTP5	0	53	0	14	0	17	0	0
AC131097.2	0	0	0	3	0	4	0	0
